epoch:0 0.0818  0.2109  0.0490  -1.0000  -1.0000  0.0818  0.1543  0.2156  0.2156  -1.0000  -1.0000  0.2156  1.5485  0.004000
epoch:1 0.2246  0.4580  0.2031  -1.0000  -1.0000  0.2246  0.4017  0.4826  0.4826  -1.0000  -1.0000  0.4826  0.4342  0.004000
epoch:2 0.3283  0.5921  0.3292  -1.0000  -1.0000  0.3283  0.5074  0.5768  0.5768  -1.0000  -1.0000  0.5768  0.3508  0.004000
epoch:3 0.4002  0.6561  0.4201  -1.0000  -1.0000  0.4002  0.5732  0.6417  0.6417  -1.0000  -1.0000  0.6417  0.3028  0.004000
epoch:4 0.4173  0.7122  0.4135  -1.0000  -1.0000  0.4173  0.5918  0.6348  0.6348  -1.0000  -1.0000  0.6348  0.2741  0.004000
epoch:5 0.4901  0.7672  0.5484  -1.0000  -1.0000  0.4901  0.6340  0.6636  0.6636  -1.0000  -1.0000  0.6636  0.2478  0.004000
epoch:6 0.5451  0.8518  0.5969  -1.0000  -1.0000  0.5451  0.6703  0.6951  0.6951  -1.0000  -1.0000  0.6951  0.2311  0.004000
epoch:7 0.5540  0.8488  0.6200  -1.0000  -1.0000  0.5540  0.6615  0.6786  0.6786  -1.0000  -1.0000  0.6786  0.2145  0.004000
epoch:8 0.5844  0.8858  0.6629  -1.0000  -1.0000  0.5845  0.6819  0.6958  0.6958  -1.0000  -1.0000  0.6958  0.1959  0.004000
epoch:9 0.6081  0.9103  0.6998  -1.0000  -1.0000  0.6081  0.6996  0.7042  0.7042  -1.0000  -1.0000  0.7042  0.1863  0.004000
epoch:10 0.5792  0.8736  0.6004  -1.0000  -1.0000  0.5792  0.6753  0.6979  0.6979  -1.0000  -1.0000  0.6979  0.1770  0.004000
epoch:11 0.6330  0.9196  0.7442  -1.0000  -1.0000  0.6330  0.7262  0.7287  0.7287  -1.0000  -1.0000  0.7287  0.1689  0.004000
epoch:12 0.5940  0.9056  0.6706  -1.0000  -1.0000  0.5940  0.6835  0.6956  0.6956  -1.0000  -1.0000  0.6956  0.1643  0.004000
epoch:13 0.6618  0.9303  0.7624  -1.0000  -1.0000  0.6618  0.7455  0.7521  0.7521  -1.0000  -1.0000  0.7521  0.1552  0.004000
epoch:14 0.6564  0.9325  0.7554  -1.0000  -1.0000  0.6564  0.7315  0.7387  0.7387  -1.0000  -1.0000  0.7387  0.1453  0.004000
epoch:15 0.6645  0.9321  0.7309  -1.0000  -1.0000  0.6645  0.7413  0.7429  0.7429  -1.0000  -1.0000  0.7429  0.1416  0.004000
epoch:16 0.6643  0.9332  0.7201  -1.0000  -1.0000  0.6643  0.7450  0.7518  0.7518  -1.0000  -1.0000  0.7518  0.1326  0.000400
epoch:17 0.6661  0.9352  0.7605  -1.0000  -1.0000  0.6661  0.7446  0.7516  0.7516  -1.0000  -1.0000  0.7516  0.1302  0.000400
epoch:18 0.6719  0.9373  0.7410  -1.0000  -1.0000  0.6720  0.7455  0.7543  0.7543  -1.0000  -1.0000  0.7543  0.1293  0.000400
epoch:19 0.6693  0.9364  0.7392  -1.0000  -1.0000  0.6693  0.7402  0.7428  0.7428  -1.0000  -1.0000  0.7428  0.1296  0.000400
epoch:20 0.6697  0.9369  0.7672  -1.0000  -1.0000  0.6697  0.7394  0.7480  0.7480  -1.0000  -1.0000  0.7480  0.1274  0.000400
epoch:21 0.6727  0.9379  0.7600  -1.0000  -1.0000  0.6727  0.7457  0.7482  0.7482  -1.0000  -1.0000  0.7482  0.1281  0.000400
epoch:22 0.6690  0.9362  0.7517  -1.0000  -1.0000  0.6690  0.7435  0.7522  0.7522  -1.0000  -1.0000  0.7522  0.1264  0.000040
epoch:23 0.6716  0.9358  0.7696  -1.0000  -1.0000  0.6716  0.7390  0.7472  0.7472  -1.0000  -1.0000  0.7472  0.1251  0.000040
epoch:24 0.6708  0.9373  0.7386  -1.0000  -1.0000  0.6708  0.7390  0.7475  0.7475  -1.0000  -1.0000  0.7475  0.1259  0.000040
epoch:25 0.6740  0.9373  0.7557  -1.0000  -1.0000  0.6740  0.7436  0.7535  0.7535  -1.0000  -1.0000  0.7535  0.1267  0.000040
epoch:26 0.6680  0.9353  0.7604  -1.0000  -1.0000  0.6680  0.7428  0.7474  0.7474  -1.0000  -1.0000  0.7474  0.1249  0.000040
epoch:27 0.6803  0.9376  0.7850  -1.0000  -1.0000  0.6803  0.7514  0.7608  0.7608  -1.0000  -1.0000  0.7608  0.1272  0.000040
epoch:28 0.6745  0.9378  0.7553  -1.0000  -1.0000  0.6745  0.7431  0.7461  0.7461  -1.0000  -1.0000  0.7461  0.1257  0.000040
epoch:29 0.6725  0.9360  0.7861  -1.0000  -1.0000  0.6725  0.7454  0.7562  0.7562  -1.0000  -1.0000  0.7562  0.1264  0.000040
epoch:30 0.6805  0.9371  0.7554  -1.0000  -1.0000  0.6805  0.7516  0.7546  0.7546  -1.0000  -1.0000  0.7546  0.1255  0.000040
epoch:31 0.6773  0.9377  0.7692  -1.0000  -1.0000  0.6773  0.7418  0.7492  0.7492  -1.0000  -1.0000  0.7492  0.1268  0.000040
epoch:32 0.6755  0.9367  0.7699  -1.0000  -1.0000  0.6755  0.7507  0.7575  0.7575  -1.0000  -1.0000  0.7575  0.1239  0.000040
epoch:33 0.6767  0.9361  0.7507  -1.0000  -1.0000  0.6767  0.7456  0.7546  0.7546  -1.0000  -1.0000  0.7546  0.1257  0.000040
epoch:34 0.6731  0.9369  0.7758  -1.0000  -1.0000  0.6731  0.7419  0.7509  0.7509  -1.0000  -1.0000  0.7509  0.1249  0.000040
epoch:35 0.6801  0.9382  0.7745  -1.0000  -1.0000  0.6801  0.7474  0.7551  0.7551  -1.0000  -1.0000  0.7551  0.1243  0.000040
epoch:36 0.6763  0.9359  0.7804  -1.0000  -1.0000  0.6763  0.7489  0.7563  0.7563  -1.0000  -1.0000  0.7563  0.1257  0.000040
epoch:37 0.6661  0.9378  0.7392  -1.0000  -1.0000  0.6661  0.7360  0.7445  0.7445  -1.0000  -1.0000  0.7445  0.1242  0.000040
epoch:38 0.6723  0.9389  0.7682  -1.0000  -1.0000  0.6723  0.7457  0.7526  0.7526  -1.0000  -1.0000  0.7526  0.1256  0.000040
epoch:39 0.6723  0.9375  0.7575  -1.0000  -1.0000  0.6723  0.7439  0.7531  0.7531  -1.0000  -1.0000  0.7531  0.1254  0.000040
epoch:40 0.6731  0.9371  0.7578  -1.0000  -1.0000  0.6731  0.7413  0.7503  0.7503  -1.0000  -1.0000  0.7503  0.1249  0.000040
epoch:41 0.6812  0.9362  0.7706  -1.0000  -1.0000  0.6813  0.7525  0.7608  0.7608  -1.0000  -1.0000  0.7608  0.1261  0.000040
epoch:42 0.6681  0.9368  0.7650  -1.0000  -1.0000  0.6681  0.7394  0.7479  0.7479  -1.0000  -1.0000  0.7479  0.1247  0.000040
epoch:43 0.6831  0.9402  0.7701  -1.0000  -1.0000  0.6831  0.7490  0.7565  0.7565  -1.0000  -1.0000  0.7565  0.1250  0.000040
epoch:44 0.6757  0.9374  0.7927  -1.0000  -1.0000  0.6757  0.7486  0.7560  0.7560  -1.0000  -1.0000  0.7560  0.1259  0.000040
epoch:45 0.6697  0.9384  0.7426  -1.0000  -1.0000  0.6697  0.7365  0.7436  0.7436  -1.0000  -1.0000  0.7436  0.1251  0.000040
epoch:46 0.6743  0.9364  0.7720  -1.0000  -1.0000  0.6743  0.7443  0.7541  0.7541  -1.0000  -1.0000  0.7541  0.1235  0.000040
epoch:47 0.6749  0.9366  0.7826  -1.0000  -1.0000  0.6749  0.7450  0.7532  0.7532  -1.0000  -1.0000  0.7532  0.1241  0.000040
epoch:48 0.6763  0.9388  0.7739  -1.0000  -1.0000  0.6763  0.7525  0.7547  0.7547  -1.0000  -1.0000  0.7547  0.1230  0.000040
epoch:49 0.6799  0.9390  0.7463  -1.0000  -1.0000  0.6799  0.7522  0.7557  0.7557  -1.0000  -1.0000  0.7557  0.1243  0.000040
epoch:50 0.6775  0.9388  0.7689  -1.0000  -1.0000  0.6775  0.7519  0.7607  0.7607  -1.0000  -1.0000  0.7607  0.1274  0.000040
epoch:51 0.6776  0.9390  0.7690  -1.0000  -1.0000  0.6776  0.7472  0.7560  0.7560  -1.0000  -1.0000  0.7560  0.1224  0.000040
epoch:52 0.6769  0.9387  0.7720  -1.0000  -1.0000  0.6769  0.7468  0.7548  0.7548  -1.0000  -1.0000  0.7548  0.1252  0.000040
epoch:53 0.6805  0.9384  0.7791  -1.0000  -1.0000  0.6805  0.7515  0.7600  0.7600  -1.0000  -1.0000  0.7600  0.1256  0.000040
epoch:54 0.6756  0.9381  0.7783  -1.0000  -1.0000  0.6757  0.7503  0.7588  0.7588  -1.0000  -1.0000  0.7588  0.1220  0.000040
epoch:55 0.6763  0.9403  0.7724  -1.0000  -1.0000  0.6763  0.7428  0.7505  0.7505  -1.0000  -1.0000  0.7505  0.1226  0.000040
epoch:56 0.6726  0.9378  0.7558  -1.0000  -1.0000  0.6726  0.7430  0.7505  0.7505  -1.0000  -1.0000  0.7505  0.1253  0.000040
epoch:57 0.6667  0.9365  0.7289  -1.0000  -1.0000  0.6667  0.7418  0.7439  0.7439  -1.0000  -1.0000  0.7439  0.1241  0.000040
epoch:58 0.6762  0.9380  0.7603  -1.0000  -1.0000  0.6762  0.7459  0.7556  0.7556  -1.0000  -1.0000  0.7556  0.1236  0.000040
epoch:59 0.6722  0.9382  0.7364  -1.0000  -1.0000  0.6722  0.7456  0.7545  0.7545  -1.0000  -1.0000  0.7545  0.1246  0.000040
epoch:60 0.6667  0.9367  0.7610  -1.0000  -1.0000  0.6667  0.7448  0.7525  0.7525  -1.0000  -1.0000  0.7525  0.1236  0.000040
epoch:61 0.6690  0.9370  0.7823  -1.0000  -1.0000  0.6690  0.7411  0.7497  0.7497  -1.0000  -1.0000  0.7497  0.1241  0.000040
epoch:62 0.6749  0.9385  0.7650  -1.0000  -1.0000  0.6749  0.7409  0.7494  0.7494  -1.0000  -1.0000  0.7494  0.1230  0.000040
epoch:63 0.6768  0.9381  0.7826  -1.0000  -1.0000  0.6768  0.7448  0.7539  0.7539  -1.0000  -1.0000  0.7539  0.1224  0.000040
epoch:64 0.6726  0.9367  0.7740  -1.0000  -1.0000  0.6726  0.7468  0.7548  0.7548  -1.0000  -1.0000  0.7548  0.1233  0.000040
epoch:65 0.6788  0.9382  0.7742  -1.0000  -1.0000  0.6788  0.7492  0.7567  0.7567  -1.0000  -1.0000  0.7567  0.1240  0.000040
epoch:66 0.6752  0.9377  0.7715  -1.0000  -1.0000  0.6752  0.7443  0.7519  0.7519  -1.0000  -1.0000  0.7519  0.1229  0.000040
epoch:67 0.6740  0.9369  0.7578  -1.0000  -1.0000  0.6740  0.7502  0.7576  0.7576  -1.0000  -1.0000  0.7576  0.1219  0.000040
epoch:68 0.6777  0.9378  0.7619  -1.0000  -1.0000  0.6777  0.7517  0.7545  0.7545  -1.0000  -1.0000  0.7545  0.1227  0.000040
epoch:69 0.6733  0.9384  0.7721  -1.0000  -1.0000  0.6733  0.7445  0.7517  0.7517  -1.0000  -1.0000  0.7517  0.1239  0.000040
epoch:70 0.6803  0.9379  0.7783  -1.0000  -1.0000  0.6803  0.7547  0.7627  0.7627  -1.0000  -1.0000  0.7627  0.1235  0.000040
epoch:71 0.6761  0.9388  0.7628  -1.0000  -1.0000  0.6761  0.7484  0.7556  0.7556  -1.0000  -1.0000  0.7556  0.1203  0.000040
epoch:72 0.6847  0.9394  0.7812  -1.0000  -1.0000  0.6847  0.7549  0.7648  0.7648  -1.0000  -1.0000  0.7648  0.1233  0.000040
epoch:73 0.6858  0.9383  0.7832  -1.0000  -1.0000  0.6858  0.7568  0.7661  0.7661  -1.0000  -1.0000  0.7661  0.1229  0.000040
epoch:74 0.6764  0.9389  0.7856  -1.0000  -1.0000  0.6764  0.7475  0.7560  0.7560  -1.0000  -1.0000  0.7560  0.1246  0.000040
epoch:75 0.6783  0.9387  0.7591  -1.0000  -1.0000  0.6783  0.7521  0.7582  0.7582  -1.0000  -1.0000  0.7582  0.1219  0.000040
epoch:76 0.6762  0.9385  0.7886  -1.0000  -1.0000  0.6762  0.7423  0.7496  0.7496  -1.0000  -1.0000  0.7496  0.1242  0.000040
epoch:77 0.6828  0.9385  0.7753  -1.0000  -1.0000  0.6828  0.7544  0.7620  0.7620  -1.0000  -1.0000  0.7620  0.1232  0.000040
epoch:78 0.6752  0.9374  0.7774  -1.0000  -1.0000  0.6752  0.7453  0.7533  0.7533  -1.0000  -1.0000  0.7533  0.1240  0.000040
epoch:79 0.6770  0.9417  0.7590  -1.0000  -1.0000  0.6770  0.7473  0.7505  0.7505  -1.0000  -1.0000  0.7505  0.1239  0.000040
epoch:80 0.6755  0.9394  0.7659  -1.0000  -1.0000  0.6755  0.7437  0.7522  0.7522  -1.0000  -1.0000  0.7522  0.1232  0.000040
epoch:81 0.6736  0.9378  0.7798  -1.0000  -1.0000  0.6736  0.7469  0.7536  0.7536  -1.0000  -1.0000  0.7536  0.1265  0.000040
epoch:82 0.6824  0.9388  0.7911  -1.0000  -1.0000  0.6824  0.7503  0.7613  0.7613  -1.0000  -1.0000  0.7613  0.1221  0.000040
epoch:83 0.6764  0.9372  0.7763  -1.0000  -1.0000  0.6764  0.7470  0.7552  0.7552  -1.0000  -1.0000  0.7552  0.1225  0.000040
epoch:84 0.6829  0.9381  0.7835  -1.0000  -1.0000  0.6829  0.7518  0.7615  0.7615  -1.0000  -1.0000  0.7615  0.1219  0.000040
epoch:85 0.6723  0.9377  0.7552  -1.0000  -1.0000  0.6723  0.7442  0.7540  0.7540  -1.0000  -1.0000  0.7540  0.1226  0.000040
epoch:86 0.6773  0.9386  0.7605  -1.0000  -1.0000  0.6773  0.7441  0.7524  0.7524  -1.0000  -1.0000  0.7524  0.1240  0.000040
epoch:87 0.6787  0.9388  0.7807  -1.0000  -1.0000  0.6787  0.7493  0.7589  0.7589  -1.0000  -1.0000  0.7589  0.1214  0.000040
epoch:88 0.6773  0.9362  0.7583  -1.0000  -1.0000  0.6773  0.7510  0.7575  0.7575  -1.0000  -1.0000  0.7575  0.1245  0.000040
epoch:89 0.6845  0.9394  0.7762  -1.0000  -1.0000  0.6845  0.7511  0.7612  0.7612  -1.0000  -1.0000  0.7612  0.1228  0.000040
epoch:90 0.6795  0.9385  0.7768  -1.0000  -1.0000  0.6795  0.7445  0.7524  0.7524  -1.0000  -1.0000  0.7524  0.1213  0.000040
epoch:91 0.6793  0.9414  0.7752  -1.0000  -1.0000  0.6793  0.7467  0.7546  0.7546  -1.0000  -1.0000  0.7546  0.1222  0.000040
epoch:92 0.6780  0.9409  0.7869  -1.0000  -1.0000  0.6780  0.7474  0.7553  0.7553  -1.0000  -1.0000  0.7553  0.1228  0.000040
epoch:93 0.6805  0.9395  0.7628  -1.0000  -1.0000  0.6805  0.7525  0.7606  0.7606  -1.0000  -1.0000  0.7606  0.1215  0.000040
epoch:94 0.6806  0.9390  0.7707  -1.0000  -1.0000  0.6806  0.7463  0.7554  0.7554  -1.0000  -1.0000  0.7554  0.1228  0.000040
epoch:95 0.6717  0.9388  0.7746  -1.0000  -1.0000  0.6717  0.7441  0.7516  0.7516  -1.0000  -1.0000  0.7516  0.1225  0.000040
epoch:96 0.6811  0.9414  0.7657  -1.0000  -1.0000  0.6811  0.7483  0.7559  0.7559  -1.0000  -1.0000  0.7559  0.1217  0.000040
epoch:97 0.6795  0.9411  0.7687  -1.0000  -1.0000  0.6795  0.7525  0.7546  0.7546  -1.0000  -1.0000  0.7546  0.1195  0.000040
epoch:98 0.6768  0.9385  0.7700  -1.0000  -1.0000  0.6768  0.7488  0.7564  0.7564  -1.0000  -1.0000  0.7564  0.1220  0.000040
epoch:99 0.6741  0.9395  0.7814  -1.0000  -1.0000  0.6741  0.7470  0.7549  0.7549  -1.0000  -1.0000  0.7549  0.1216  0.000040
