epoch:0 0.0831  0.2008  0.0474  -1.0000  -1.0000  0.0831  0.1516  0.1880  0.1915  -1.0000  -1.0000  0.1915  1.5069  0.004000
epoch:1 0.2492  0.4700  0.2363  -1.0000  -1.0000  0.2492  0.4165  0.4727  0.4728  -1.0000  -1.0000  0.4728  0.4488  0.004000
epoch:2 0.3203  0.5970  0.2990  -1.0000  -1.0000  0.3203  0.5150  0.5842  0.5842  -1.0000  -1.0000  0.5842  0.3545  0.004000
epoch:3 0.4101  0.6703  0.3756  -1.0000  -1.0000  0.4101  0.5728  0.6296  0.6296  -1.0000  -1.0000  0.6296  0.3003  0.004000
epoch:4 0.4193  0.7376  0.3885  -1.0000  -1.0000  0.4193  0.5569  0.5993  0.5993  -1.0000  -1.0000  0.5993  0.2647  0.004000
epoch:5 0.4524  0.7855  0.4242  -1.0000  -1.0000  0.4524  0.5567  0.6111  0.6111  -1.0000  -1.0000  0.6111  0.2452  0.004000
epoch:6 0.5087  0.8263  0.5386  -1.0000  -1.0000  0.5087  0.6250  0.6494  0.6494  -1.0000  -1.0000  0.6494  0.2305  0.004000
epoch:7 0.4955  0.8283  0.5001  -1.0000  -1.0000  0.4955  0.6160  0.6477  0.6477  -1.0000  -1.0000  0.6477  0.2182  0.004000
epoch:8 0.5551  0.8720  0.5783  -1.0000  -1.0000  0.5551  0.6650  0.6875  0.6875  -1.0000  -1.0000  0.6875  0.1962  0.004000
epoch:9 0.5743  0.8846  0.6151  -1.0000  -1.0000  0.5743  0.6704  0.6859  0.6859  -1.0000  -1.0000  0.6859  0.1867  0.004000
epoch:10 0.5870  0.8903  0.6220  -1.0000  -1.0000  0.5870  0.6820  0.6936  0.6936  -1.0000  -1.0000  0.6936  0.1727  0.004000
epoch:11 0.5974  0.9201  0.6259  -1.0000  -1.0000  0.5974  0.6645  0.6784  0.6784  -1.0000  -1.0000  0.6784  0.1693  0.004000
epoch:12 0.6337  0.9266  0.6964  -1.0000  -1.0000  0.6337  0.7016  0.7124  0.7124  -1.0000  -1.0000  0.7124  0.1632  0.004000
epoch:13 0.6483  0.9195  0.7364  -1.0000  -1.0000  0.6483  0.7215  0.7357  0.7357  -1.0000  -1.0000  0.7357  0.1573  0.004000
epoch:14 0.6457  0.9359  0.6945  -1.0000  -1.0000  0.6457  0.7161  0.7243  0.7243  -1.0000  -1.0000  0.7243  0.1498  0.004000
epoch:15 0.6646  0.9438  0.7283  -1.0000  -1.0000  0.6646  0.7368  0.7378  0.7378  -1.0000  -1.0000  0.7378  0.1405  0.004000
epoch:16 0.6509  0.9394  0.7424  -1.0000  -1.0000  0.6509  0.7259  0.7276  0.7276  -1.0000  -1.0000  0.7276  0.1342  0.000400
epoch:17 0.6817  0.9366  0.7576  -1.0000  -1.0000  0.6817  0.7497  0.7544  0.7544  -1.0000  -1.0000  0.7544  0.1318  0.000400
epoch:18 0.6697  0.9385  0.7762  -1.0000  -1.0000  0.6697  0.7424  0.7424  0.7424  -1.0000  -1.0000  0.7424  0.1322  0.000400
epoch:19 0.6786  0.9362  0.7933  -1.0000  -1.0000  0.6786  0.7470  0.7525  0.7525  -1.0000  -1.0000  0.7525  0.1307  0.000400
epoch:20 0.6641  0.9354  0.7789  -1.0000  -1.0000  0.6641  0.7302  0.7358  0.7358  -1.0000  -1.0000  0.7358  0.1295  0.000400
epoch:21 0.6644  0.9344  0.7756  -1.0000  -1.0000  0.6644  0.7322  0.7359  0.7359  -1.0000  -1.0000  0.7359  0.1281  0.000400
epoch:22 0.6827  0.9375  0.8039  -1.0000  -1.0000  0.6827  0.7471  0.7518  0.7518  -1.0000  -1.0000  0.7518  0.1276  0.000040
epoch:23 0.6709  0.9409  0.7896  -1.0000  -1.0000  0.6709  0.7397  0.7445  0.7445  -1.0000  -1.0000  0.7445  0.1271  0.000040
epoch:24 0.6628  0.9454  0.7590  -1.0000  -1.0000  0.6628  0.7350  0.7350  0.7350  -1.0000  -1.0000  0.7350  0.1269  0.000040
epoch:25 0.6866  0.9428  0.8125  -1.0000  -1.0000  0.6866  0.7559  0.7630  0.7630  -1.0000  -1.0000  0.7630  0.1277  0.000040
epoch:26 0.6690  0.9369  0.7906  -1.0000  -1.0000  0.6690  0.7424  0.7434  0.7434  -1.0000  -1.0000  0.7434  0.1297  0.000040
epoch:27 0.6789  0.9404  0.7936  -1.0000  -1.0000  0.6789  0.7444  0.7444  0.7444  -1.0000  -1.0000  0.7444  0.1272  0.000040
epoch:28 0.6770  0.9404  0.8053  -1.0000  -1.0000  0.6770  0.7404  0.7404  0.7404  -1.0000  -1.0000  0.7404  0.1282  0.000040
epoch:29 0.6849  0.9385  0.7956  -1.0000  -1.0000  0.6849  0.7448  0.7534  0.7534  -1.0000  -1.0000  0.7534  0.1251  0.000040
epoch:30 0.6612  0.9377  0.7725  -1.0000  -1.0000  0.6612  0.7273  0.7319  0.7319  -1.0000  -1.0000  0.7319  0.1262  0.000040
epoch:31 0.6793  0.9407  0.7986  -1.0000  -1.0000  0.6793  0.7360  0.7424  0.7424  -1.0000  -1.0000  0.7424  0.1265  0.000040
epoch:32 0.6770  0.9390  0.7952  -1.0000  -1.0000  0.6770  0.7399  0.7446  0.7446  -1.0000  -1.0000  0.7446  0.1271  0.000040
epoch:33 0.6829  0.9395  0.8222  -1.0000  -1.0000  0.6829  0.7419  0.7474  0.7474  -1.0000  -1.0000  0.7474  0.1271  0.000040
epoch:34 0.6796  0.9416  0.7870  -1.0000  -1.0000  0.6796  0.7451  0.7451  0.7451  -1.0000  -1.0000  0.7451  0.1269  0.000040
epoch:35 0.6690  0.9345  0.7925  -1.0000  -1.0000  0.6690  0.7404  0.7444  0.7444  -1.0000  -1.0000  0.7444  0.1253  0.000040
epoch:36 0.6788  0.9430  0.7965  -1.0000  -1.0000  0.6788  0.7425  0.7480  0.7480  -1.0000  -1.0000  0.7480  0.1260  0.000040
epoch:37 0.6775  0.9399  0.8004  -1.0000  -1.0000  0.6775  0.7354  0.7418  0.7418  -1.0000  -1.0000  0.7418  0.1254  0.000040
epoch:38 0.6691  0.9394  0.8003  -1.0000  -1.0000  0.6691  0.7316  0.7400  0.7400  -1.0000  -1.0000  0.7400  0.1274  0.000040
epoch:39 0.6705  0.9403  0.7821  -1.0000  -1.0000  0.6705  0.7384  0.7430  0.7430  -1.0000  -1.0000  0.7430  0.1266  0.000040
epoch:40 0.6638  0.9384  0.7566  -1.0000  -1.0000  0.6638  0.7297  0.7364  0.7364  -1.0000  -1.0000  0.7364  0.1266  0.000040
epoch:41 0.6710  0.9383  0.7753  -1.0000  -1.0000  0.6710  0.7383  0.7383  0.7383  -1.0000  -1.0000  0.7383  0.1268  0.000040
epoch:42 0.6729  0.9404  0.7680  -1.0000  -1.0000  0.6729  0.7393  0.7439  0.7439  -1.0000  -1.0000  0.7439  0.1261  0.000040
epoch:43 0.6662  0.9367  0.7760  -1.0000  -1.0000  0.6662  0.7359  0.7406  0.7406  -1.0000  -1.0000  0.7406  0.1267  0.000040
epoch:44 0.6703  0.9461  0.7864  -1.0000  -1.0000  0.6703  0.7356  0.7411  0.7411  -1.0000  -1.0000  0.7411  0.1247  0.000040
epoch:45 0.6724  0.9381  0.7897  -1.0000  -1.0000  0.6724  0.7350  0.7415  0.7415  -1.0000  -1.0000  0.7415  0.1256  0.000040
epoch:46 0.6764  0.9428  0.8116  -1.0000  -1.0000  0.6764  0.7374  0.7422  0.7422  -1.0000  -1.0000  0.7422  0.1250  0.000040
epoch:47 0.6849  0.9391  0.7930  -1.0000  -1.0000  0.6849  0.7475  0.7531  0.7531  -1.0000  -1.0000  0.7531  0.1293  0.000040
epoch:48 0.6747  0.9417  0.7956  -1.0000  -1.0000  0.6747  0.7396  0.7452  0.7452  -1.0000  -1.0000  0.7452  0.1254  0.000040
epoch:49 0.6807  0.9369  0.8129  -1.0000  -1.0000  0.6807  0.7398  0.7493  0.7493  -1.0000  -1.0000  0.7493  0.1246  0.000040
epoch:50 0.6799  0.9366  0.8019  -1.0000  -1.0000  0.6799  0.7490  0.7546  0.7546  -1.0000  -1.0000  0.7546  0.1251  0.000040
epoch:51 0.6716  0.9394  0.8041  -1.0000  -1.0000  0.6716  0.7328  0.7393  0.7393  -1.0000  -1.0000  0.7393  0.1250  0.000040
epoch:52 0.6875  0.9393  0.8077  -1.0000  -1.0000  0.6875  0.7544  0.7581  0.7581  -1.0000  -1.0000  0.7581  0.1265  0.000040
epoch:53 0.6696  0.9404  0.7754  -1.0000  -1.0000  0.6696  0.7425  0.7471  0.7471  -1.0000  -1.0000  0.7471  0.1256  0.000040
epoch:54 0.6755  0.9376  0.8049  -1.0000  -1.0000  0.6755  0.7403  0.7489  0.7489  -1.0000  -1.0000  0.7489  0.1250  0.000040
epoch:55 0.6897  0.9361  0.8279  -1.0000  -1.0000  0.6897  0.7494  0.7595  0.7595  -1.0000  -1.0000  0.7595  0.1272  0.000040
epoch:56 0.6727  0.9380  0.7992  -1.0000  -1.0000  0.6727  0.7364  0.7429  0.7429  -1.0000  -1.0000  0.7429  0.1268  0.000040
epoch:57 0.6847  0.9398  0.8137  -1.0000  -1.0000  0.6847  0.7494  0.7549  0.7549  -1.0000  -1.0000  0.7549  0.1278  0.000040
epoch:58 0.6731  0.9398  0.7728  -1.0000  -1.0000  0.6731  0.7377  0.7396  0.7396  -1.0000  -1.0000  0.7396  0.1262  0.000040
epoch:59 0.6824  0.9408  0.7938  -1.0000  -1.0000  0.6824  0.7513  0.7550  0.7550  -1.0000  -1.0000  0.7550  0.1241  0.000040
epoch:60 0.6651  0.9472  0.7557  -1.0000  -1.0000  0.6651  0.7371  0.7371  0.7371  -1.0000  -1.0000  0.7371  0.1264  0.000040
epoch:61 0.6794  0.9404  0.8162  -1.0000  -1.0000  0.6794  0.7375  0.7430  0.7430  -1.0000  -1.0000  0.7430  0.1259  0.000040
epoch:62 0.6728  0.9396  0.7873  -1.0000  -1.0000  0.6728  0.7375  0.7421  0.7421  -1.0000  -1.0000  0.7421  0.1249  0.000040
epoch:63 0.6723  0.9392  0.7760  -1.0000  -1.0000  0.6723  0.7358  0.7405  0.7405  -1.0000  -1.0000  0.7405  0.1252  0.000040
epoch:64 0.6717  0.9397  0.7850  -1.0000  -1.0000  0.6717  0.7376  0.7422  0.7422  -1.0000  -1.0000  0.7422  0.1270  0.000040
epoch:65 0.6780  0.9425  0.8066  -1.0000  -1.0000  0.6780  0.7385  0.7442  0.7442  -1.0000  -1.0000  0.7442  0.1252  0.000040
epoch:66 0.6743  0.9387  0.7914  -1.0000  -1.0000  0.6743  0.7333  0.7413  0.7413  -1.0000  -1.0000  0.7413  0.1254  0.000040
epoch:67 0.6749  0.9454  0.7811  -1.0000  -1.0000  0.6749  0.7390  0.7437  0.7437  -1.0000  -1.0000  0.7437  0.1257  0.000040
epoch:68 0.6829  0.9391  0.7890  -1.0000  -1.0000  0.6829  0.7452  0.7508  0.7508  -1.0000  -1.0000  0.7508  0.1256  0.000040
epoch:69 0.6705  0.9434  0.8042  -1.0000  -1.0000  0.6705  0.7361  0.7399  0.7399  -1.0000  -1.0000  0.7399  0.1258  0.000040
epoch:70 0.6811  0.9384  0.7912  -1.0000  -1.0000  0.6811  0.7431  0.7487  0.7487  -1.0000  -1.0000  0.7487  0.1243  0.000040
epoch:71 0.6819  0.9391  0.8096  -1.0000  -1.0000  0.6819  0.7503  0.7545  0.7545  -1.0000  -1.0000  0.7545  0.1247  0.000040
epoch:72 0.6716  0.9420  0.7782  -1.0000  -1.0000  0.6716  0.7403  0.7440  0.7440  -1.0000  -1.0000  0.7440  0.1226  0.000040
epoch:73 0.6791  0.9495  0.8071  -1.0000  -1.0000  0.6791  0.7411  0.7466  0.7466  -1.0000  -1.0000  0.7466  0.1245  0.000040
epoch:74 0.6804  0.9389  0.8067  -1.0000  -1.0000  0.6804  0.7409  0.7495  0.7495  -1.0000  -1.0000  0.7495  0.1259  0.000040
epoch:75 0.6777  0.9390  0.7745  -1.0000  -1.0000  0.6777  0.7360  0.7430  0.7430  -1.0000  -1.0000  0.7430  0.1252  0.000040
epoch:76 0.6819  0.9401  0.8068  -1.0000  -1.0000  0.6819  0.7425  0.7493  0.7493  -1.0000  -1.0000  0.7493  0.1244  0.000040
epoch:77 0.6839  0.9411  0.8190  -1.0000  -1.0000  0.6839  0.7518  0.7564  0.7564  -1.0000  -1.0000  0.7564  0.1242  0.000040
epoch:78 0.6778  0.9386  0.7938  -1.0000  -1.0000  0.6778  0.7359  0.7456  0.7456  -1.0000  -1.0000  0.7456  0.1254  0.000040
epoch:79 0.6690  0.9419  0.7871  -1.0000  -1.0000  0.6690  0.7334  0.7400  0.7400  -1.0000  -1.0000  0.7400  0.1241  0.000040
epoch:80 0.6774  0.9387  0.7953  -1.0000  -1.0000  0.6774  0.7362  0.7499  0.7499  -1.0000  -1.0000  0.7499  0.1252  0.000040
epoch:81 0.6722  0.9471  0.8063  -1.0000  -1.0000  0.6722  0.7344  0.7420  0.7420  -1.0000  -1.0000  0.7420  0.1217  0.000040
epoch:82 0.6771  0.9413  0.7791  -1.0000  -1.0000  0.6771  0.7432  0.7432  0.7432  -1.0000  -1.0000  0.7432  0.1232  0.000040
epoch:83 0.6780  0.9437  0.7923  -1.0000  -1.0000  0.6780  0.7430  0.7479  0.7479  -1.0000  -1.0000  0.7479  0.1240  0.000040
epoch:84 0.6642  0.9348  0.7707  -1.0000  -1.0000  0.6642  0.7306  0.7349  0.7349  -1.0000  -1.0000  0.7349  0.1230  0.000040
epoch:85 0.6680  0.9376  0.7852  -1.0000  -1.0000  0.6680  0.7348  0.7413  0.7413  -1.0000  -1.0000  0.7413  0.1253  0.000040
epoch:86 0.6744  0.9482  0.7887  -1.0000  -1.0000  0.6744  0.7363  0.7420  0.7420  -1.0000  -1.0000  0.7420  0.1227  0.000040
epoch:87 0.6715  0.9389  0.8072  -1.0000  -1.0000  0.6715  0.7386  0.7442  0.7442  -1.0000  -1.0000  0.7442  0.1239  0.000040
epoch:88 0.6753  0.9414  0.7682  -1.0000  -1.0000  0.6753  0.7447  0.7447  0.7447  -1.0000  -1.0000  0.7447  0.1232  0.000040
epoch:89 0.6751  0.9417  0.7761  -1.0000  -1.0000  0.6751  0.7383  0.7429  0.7429  -1.0000  -1.0000  0.7429  0.1246  0.000040
epoch:90 0.6778  0.9395  0.7965  -1.0000  -1.0000  0.6778  0.7406  0.7461  0.7461  -1.0000  -1.0000  0.7461  0.1237  0.000040
epoch:91 0.6872  0.9428  0.8254  -1.0000  -1.0000  0.6872  0.7470  0.7529  0.7529  -1.0000  -1.0000  0.7529  0.1233  0.000040
epoch:92 0.6774  0.9422  0.8165  -1.0000  -1.0000  0.6774  0.7381  0.7436  0.7436  -1.0000  -1.0000  0.7436  0.1252  0.000040
epoch:93 0.6758  0.9405  0.7777  -1.0000  -1.0000  0.6758  0.7414  0.7462  0.7462  -1.0000  -1.0000  0.7462  0.1242  0.000040
epoch:94 0.6809  0.9389  0.7941  -1.0000  -1.0000  0.6809  0.7405  0.7445  0.7445  -1.0000  -1.0000  0.7445  0.1245  0.000040
epoch:95 0.6771  0.9416  0.7920  -1.0000  -1.0000  0.6771  0.7413  0.7478  0.7478  -1.0000  -1.0000  0.7478  0.1247  0.000040
epoch:96 0.6808  0.9430  0.8181  -1.0000  -1.0000  0.6808  0.7412  0.7468  0.7468  -1.0000  -1.0000  0.7468  0.1239  0.000040
epoch:97 0.6770  0.9401  0.7927  -1.0000  -1.0000  0.6770  0.7425  0.7473  0.7473  -1.0000  -1.0000  0.7473  0.1230  0.000040
epoch:98 0.6722  0.9411  0.7698  -1.0000  -1.0000  0.6722  0.7314  0.7393  0.7393  -1.0000  -1.0000  0.7393  0.1252  0.000040
epoch:99 0.6667  0.9469  0.7939  -1.0000  -1.0000  0.6667  0.7323  0.7370  0.7370  -1.0000  -1.0000  0.7370  0.1250  0.000040
epoch:100 0.6753  0.9427  0.7936  -1.0000  -1.0000  0.6753  0.7389  0.7392  0.7392  -1.0000  -1.0000  0.7392  0.1226  0.000040
epoch:101 0.6848  0.9419  0.8042  -1.0000  -1.0000  0.6848  0.7442  0.7485  0.7485  -1.0000  -1.0000  0.7485  0.1245  0.000040
epoch:102 0.6739  0.9384  0.7970  -1.0000  -1.0000  0.6739  0.7352  0.7399  0.7399  -1.0000  -1.0000  0.7399  0.1236  0.000040
epoch:103 0.6833  0.9460  0.8012  -1.0000  -1.0000  0.6833  0.7495  0.7532  0.7532  -1.0000  -1.0000  0.7532  0.1239  0.000040
epoch:104 0.6748  0.9413  0.8224  -1.0000  -1.0000  0.6748  0.7349  0.7397  0.7397  -1.0000  -1.0000  0.7397  0.1238  0.000040
epoch:105 0.6756  0.9472  0.8056  -1.0000  -1.0000  0.6756  0.7393  0.7439  0.7439  -1.0000  -1.0000  0.7439  0.1245  0.000040
epoch:106 0.6729  0.9382  0.7695  -1.0000  -1.0000  0.6729  0.7342  0.7432  0.7432  -1.0000  -1.0000  0.7432  0.1231  0.000040
epoch:107 0.6720  0.9430  0.8004  -1.0000  -1.0000  0.6720  0.7387  0.7435  0.7435  -1.0000  -1.0000  0.7435  0.1235  0.000040
epoch:108 0.6707  0.9374  0.7660  -1.0000  -1.0000  0.6707  0.7368  0.7377  0.7377  -1.0000  -1.0000  0.7377  0.1216  0.000040
epoch:109 0.6699  0.9468  0.7998  -1.0000  -1.0000  0.6699  0.7320  0.7358  0.7358  -1.0000  -1.0000  0.7358  0.1256  0.000040
epoch:110 0.6711  0.9400  0.8034  -1.0000  -1.0000  0.6711  0.7330  0.7386  0.7386  -1.0000  -1.0000  0.7386  0.1239  0.000040
epoch:111 0.6757  0.9393  0.7941  -1.0000  -1.0000  0.6757  0.7403  0.7407  0.7407  -1.0000  -1.0000  0.7407  0.1224  0.000040
epoch:112 0.6751  0.9405  0.7946  -1.0000  -1.0000  0.6751  0.7360  0.7415  0.7415  -1.0000  -1.0000  0.7415  0.1226  0.000040
epoch:113 0.6762  0.9432  0.7928  -1.0000  -1.0000  0.6762  0.7337  0.7408  0.7408  -1.0000  -1.0000  0.7408  0.1219  0.000040
epoch:114 0.6745  0.9387  0.7886  -1.0000  -1.0000  0.6745  0.7402  0.7412  0.7412  -1.0000  -1.0000  0.7412  0.1229  0.000040
epoch:115 0.6811  0.9453  0.8024  -1.0000  -1.0000  0.6811  0.7455  0.7495  0.7495  -1.0000  -1.0000  0.7495  0.1221  0.000040
epoch:116 0.6890  0.9414  0.8217  -1.0000  -1.0000  0.6890  0.7436  0.7522  0.7522  -1.0000  -1.0000  0.7522  0.1246  0.000040
epoch:117 0.6780  0.9403  0.8021  -1.0000  -1.0000  0.6780  0.7403  0.7452  0.7452  -1.0000  -1.0000  0.7452  0.1217  0.000040
epoch:118 0.6712  0.9380  0.7741  -1.0000  -1.0000  0.6712  0.7340  0.7386  0.7386  -1.0000  -1.0000  0.7386  0.1223  0.000040
epoch:119 0.6806  0.9421  0.8033  -1.0000  -1.0000  0.6806  0.7409  0.7465  0.7465  -1.0000  -1.0000  0.7465  0.1220  0.000040
epoch:120 0.6735  0.9417  0.7787  -1.0000  -1.0000  0.6735  0.7368  0.7371  0.7371  -1.0000  -1.0000  0.7371  0.1231  0.000040
epoch:121 0.6681  0.9461  0.7845  -1.0000  -1.0000  0.6681  0.7357  0.7357  0.7357  -1.0000  -1.0000  0.7357  0.1229  0.000040
epoch:122 0.6756  0.9428  0.7989  -1.0000  -1.0000  0.6756  0.7380  0.7389  0.7389  -1.0000  -1.0000  0.7389  0.1203  0.000040
epoch:123 0.6735  0.9392  0.7833  -1.0000  -1.0000  0.6735  0.7380  0.7426  0.7426  -1.0000  -1.0000  0.7426  0.1218  0.000040
epoch:124 0.6755  0.9440  0.8021  -1.0000  -1.0000  0.6755  0.7390  0.7399  0.7399  -1.0000  -1.0000  0.7399  0.1219  0.000040
epoch:125 0.6718  0.9417  0.8052  -1.0000  -1.0000  0.6718  0.7360  0.7408  0.7408  -1.0000  -1.0000  0.7408  0.1219  0.000040
epoch:126 0.6694  0.9420  0.7832  -1.0000  -1.0000  0.6694  0.7349  0.7358  0.7358  -1.0000  -1.0000  0.7358  0.1226  0.000040
epoch:127 0.6790  0.9417  0.8282  -1.0000  -1.0000  0.6790  0.7408  0.7449  0.7449  -1.0000  -1.0000  0.7449  0.1221  0.000040
epoch:128 0.6820  0.9461  0.8029  -1.0000  -1.0000  0.6820  0.7427  0.7478  0.7478  -1.0000  -1.0000  0.7478  0.1226  0.000040
epoch:129 0.6739  0.9415  0.7864  -1.0000  -1.0000  0.6739  0.7368  0.7424  0.7424  -1.0000  -1.0000  0.7424  0.1210  0.000040
epoch:130 0.6782  0.9408  0.7822  -1.0000  -1.0000  0.6782  0.7410  0.7473  0.7473  -1.0000  -1.0000  0.7473  0.1214  0.000040
epoch:131 0.6813  0.9429  0.8018  -1.0000  -1.0000  0.6813  0.7437  0.7448  0.7448  -1.0000  -1.0000  0.7448  0.1213  0.000040
epoch:132 0.6849  0.9441  0.7984  -1.0000  -1.0000  0.6849  0.7474  0.7521  0.7521  -1.0000  -1.0000  0.7521  0.1214  0.000040
epoch:133 0.6751  0.9429  0.8072  -1.0000  -1.0000  0.6751  0.7357  0.7404  0.7404  -1.0000  -1.0000  0.7404  0.1219  0.000040
epoch:134 0.6777  0.9399  0.7897  -1.0000  -1.0000  0.6777  0.7458  0.7461  0.7461  -1.0000  -1.0000  0.7461  0.1206  0.000040
epoch:135 0.6768  0.9416  0.7809  -1.0000  -1.0000  0.6768  0.7382  0.7434  0.7434  -1.0000  -1.0000  0.7434  0.1211  0.000040
epoch:136 0.6798  0.9431  0.8091  -1.0000  -1.0000  0.6798  0.7391  0.7428  0.7428  -1.0000  -1.0000  0.7428  0.1211  0.000040
epoch:137 0.6813  0.9406  0.8075  -1.0000  -1.0000  0.6813  0.7442  0.7490  0.7490  -1.0000  -1.0000  0.7490  0.1219  0.000040
epoch:138 0.6759  0.9463  0.8100  -1.0000  -1.0000  0.6759  0.7423  0.7463  0.7463  -1.0000  -1.0000  0.7463  0.1205  0.000040
epoch:139 0.6750  0.9405  0.7882  -1.0000  -1.0000  0.6750  0.7380  0.7402  0.7402  -1.0000  -1.0000  0.7402  0.1235  0.000040
epoch:140 0.6765  0.9411  0.7871  -1.0000  -1.0000  0.6765  0.7398  0.7446  0.7446  -1.0000  -1.0000  0.7446  0.1219  0.000040
epoch:141 0.6802  0.9435  0.8030  -1.0000  -1.0000  0.6802  0.7397  0.7443  0.7443  -1.0000  -1.0000  0.7443  0.1207  0.000040
epoch:142 0.6727  0.9481  0.7935  -1.0000  -1.0000  0.6727  0.7366  0.7404  0.7404  -1.0000  -1.0000  0.7404  0.1223  0.000040
epoch:143 0.6754  0.9421  0.8142  -1.0000  -1.0000  0.6754  0.7382  0.7402  0.7402  -1.0000  -1.0000  0.7402  0.1222  0.000040
epoch:144 0.6806  0.9409  0.8069  -1.0000  -1.0000  0.6806  0.7440  0.7459  0.7459  -1.0000  -1.0000  0.7459  0.1211  0.000040
epoch:145 0.6676  0.9471  0.7826  -1.0000  -1.0000  0.6676  0.7330  0.7356  0.7356  -1.0000  -1.0000  0.7356  0.1215  0.000040
epoch:146 0.6837  0.9451  0.8119  -1.0000  -1.0000  0.6837  0.7451  0.7491  0.7491  -1.0000  -1.0000  0.7491  0.1219  0.000040
epoch:147 0.6813  0.9481  0.7804  -1.0000  -1.0000  0.6813  0.7467  0.7513  0.7513  -1.0000  -1.0000  0.7513  0.1214  0.000040
epoch:148 0.6727  0.9457  0.7889  -1.0000  -1.0000  0.6727  0.7330  0.7386  0.7386  -1.0000  -1.0000  0.7386  0.1202  0.000040
epoch:149 0.6826  0.9507  0.7984  -1.0000  -1.0000  0.6826  0.7461  0.7499  0.7499  -1.0000  -1.0000  0.7499  0.1213  0.000040
epoch:150 0.6809  0.9497  0.7995  -1.0000  -1.0000  0.6809  0.7410  0.7469  0.7469  -1.0000  -1.0000  0.7469  0.1206  0.000040
epoch:151 0.6700  0.9454  0.7976  -1.0000  -1.0000  0.6700  0.7302  0.7350  0.7350  -1.0000  -1.0000  0.7350  0.1207  0.000040
epoch:152 0.6795  0.9443  0.8056  -1.0000  -1.0000  0.6795  0.7384  0.7442  0.7442  -1.0000  -1.0000  0.7442  0.1210  0.000040
epoch:153 0.6734  0.9409  0.7956  -1.0000  -1.0000  0.6734  0.7392  0.7414  0.7414  -1.0000  -1.0000  0.7414  0.1221  0.000040
epoch:154 0.6815  0.9427  0.8199  -1.0000  -1.0000  0.6815  0.7407  0.7468  0.7468  -1.0000  -1.0000  0.7468  0.1217  0.000040
epoch:155 0.6794  0.9488  0.7850  -1.0000  -1.0000  0.6794  0.7445  0.7446  0.7446  -1.0000  -1.0000  0.7446  0.1219  0.000040
epoch:156 0.6734  0.9435  0.7863  -1.0000  -1.0000  0.6734  0.7356  0.7357  0.7357  -1.0000  -1.0000  0.7357  0.1209  0.000040
epoch:157 0.6696  0.9412  0.7600  -1.0000  -1.0000  0.6696  0.7311  0.7392  0.7392  -1.0000  -1.0000  0.7392  0.1201  0.000040
epoch:158 0.6743  0.9415  0.8020  -1.0000  -1.0000  0.6744  0.7363  0.7410  0.7410  -1.0000  -1.0000  0.7410  0.1220  0.000040
epoch:159 0.6759  0.9423  0.7979  -1.0000  -1.0000  0.6759  0.7415  0.7416  0.7416  -1.0000  -1.0000  0.7416  0.1212  0.000040
epoch:160 0.6694  0.9430  0.7625  -1.0000  -1.0000  0.6694  0.7319  0.7319  0.7319  -1.0000  -1.0000  0.7319  0.1196  0.000040
epoch:161 0.6708  0.9428  0.7767  -1.0000  -1.0000  0.6708  0.7305  0.7362  0.7362  -1.0000  -1.0000  0.7362  0.1217  0.000040
epoch:162 0.6801  0.9456  0.7978  -1.0000  -1.0000  0.6801  0.7397  0.7452  0.7452  -1.0000  -1.0000  0.7452  0.1228  0.000040
epoch:163 0.6768  0.9414  0.7807  -1.0000  -1.0000  0.6768  0.7330  0.7405  0.7405  -1.0000  -1.0000  0.7405  0.1202  0.000040
epoch:164 0.6743  0.9418  0.7879  -1.0000  -1.0000  0.6743  0.7390  0.7397  0.7397  -1.0000  -1.0000  0.7397  0.1228  0.000040
epoch:165 0.6712  0.9503  0.7758  -1.0000  -1.0000  0.6712  0.7306  0.7362  0.7362  -1.0000  -1.0000  0.7362  0.1194  0.000040
epoch:166 0.6764  0.9427  0.7989  -1.0000  -1.0000  0.6764  0.7388  0.7400  0.7400  -1.0000  -1.0000  0.7400  0.1206  0.000040
epoch:167 0.6851  0.9424  0.8018  -1.0000  -1.0000  0.6851  0.7461  0.7473  0.7473  -1.0000  -1.0000  0.7473  0.1229  0.000040
epoch:168 0.6755  0.9410  0.7853  -1.0000  -1.0000  0.6755  0.7363  0.7383  0.7383  -1.0000  -1.0000  0.7383  0.1217  0.000040
epoch:169 0.6822  0.9435  0.8073  -1.0000  -1.0000  0.6822  0.7461  0.7519  0.7519  -1.0000  -1.0000  0.7519  0.1217  0.000040
epoch:170 0.6819  0.9391  0.7983  -1.0000  -1.0000  0.6819  0.7397  0.7445  0.7445  -1.0000  -1.0000  0.7445  0.1202  0.000040
epoch:171 0.6709  0.9410  0.7945  -1.0000  -1.0000  0.6709  0.7345  0.7345  0.7345  -1.0000  -1.0000  0.7345  0.1209  0.000040
epoch:172 0.6728  0.9460  0.7797  -1.0000  -1.0000  0.6728  0.7373  0.7384  0.7384  -1.0000  -1.0000  0.7384  0.1200  0.000040
epoch:173 0.6859  0.9432  0.8068  -1.0000  -1.0000  0.6859  0.7482  0.7484  0.7484  -1.0000  -1.0000  0.7484  0.1209  0.000040
epoch:174 0.6897  0.9412  0.8054  -1.0000  -1.0000  0.6897  0.7523  0.7561  0.7561  -1.0000  -1.0000  0.7561  0.1207  0.000040
epoch:175 0.6823  0.9437  0.7959  -1.0000  -1.0000  0.6823  0.7448  0.7485  0.7485  -1.0000  -1.0000  0.7485  0.1198  0.000040
epoch:176 0.6777  0.9463  0.8056  -1.0000  -1.0000  0.6777  0.7415  0.7418  0.7418  -1.0000  -1.0000  0.7418  0.1202  0.000040
epoch:177 0.6810  0.9443  0.7989  -1.0000  -1.0000  0.6810  0.7428  0.7446  0.7446  -1.0000  -1.0000  0.7446  0.1208  0.000040
epoch:178 0.6783  0.9440  0.8048  -1.0000  -1.0000  0.6783  0.7414  0.7451  0.7451  -1.0000  -1.0000  0.7451  0.1201  0.000040
epoch:179 0.6724  0.9441  0.7730  -1.0000  -1.0000  0.6724  0.7334  0.7381  0.7381  -1.0000  -1.0000  0.7381  0.1198  0.000040
epoch:180 0.6811  0.9457  0.7777  -1.0000  -1.0000  0.6811  0.7388  0.7456  0.7456  -1.0000  -1.0000  0.7456  0.1189  0.000040
epoch:181 0.6799  0.9413  0.7987  -1.0000  -1.0000  0.6799  0.7450  0.7452  0.7452  -1.0000  -1.0000  0.7452  0.1212  0.000040
epoch:182 0.6763  0.9403  0.7802  -1.0000  -1.0000  0.6763  0.7368  0.7397  0.7397  -1.0000  -1.0000  0.7397  0.1185  0.000040
epoch:183 0.6695  0.9472  0.7759  -1.0000  -1.0000  0.6695  0.7372  0.7410  0.7410  -1.0000  -1.0000  0.7410  0.1197  0.000040
epoch:184 0.6758  0.9422  0.8043  -1.0000  -1.0000  0.6758  0.7411  0.7412  0.7412  -1.0000  -1.0000  0.7412  0.1185  0.000040
epoch:185 0.6840  0.9407  0.7968  -1.0000  -1.0000  0.6840  0.7486  0.7504  0.7504  -1.0000  -1.0000  0.7504  0.1208  0.000040
epoch:186 0.6762  0.9484  0.8037  -1.0000  -1.0000  0.6762  0.7399  0.7412  0.7412  -1.0000  -1.0000  0.7412  0.1198  0.000040
epoch:187 0.6889  0.9436  0.8105  -1.0000  -1.0000  0.6889  0.7536  0.7537  0.7537  -1.0000  -1.0000  0.7537  0.1214  0.000040
epoch:188 0.6740  0.9417  0.7699  -1.0000  -1.0000  0.6740  0.7359  0.7425  0.7425  -1.0000  -1.0000  0.7425  0.1207  0.000040
epoch:189 0.6798  0.9499  0.8161  -1.0000  -1.0000  0.6798  0.7426  0.7491  0.7491  -1.0000  -1.0000  0.7491  0.1189  0.000040
epoch:190 0.6799  0.9439  0.8084  -1.0000  -1.0000  0.6799  0.7421  0.7421  0.7421  -1.0000  -1.0000  0.7421  0.1201  0.000040
epoch:191 0.6777  0.9450  0.8029  -1.0000  -1.0000  0.6777  0.7433  0.7434  0.7434  -1.0000  -1.0000  0.7434  0.1203  0.000040
epoch:192 0.6733  0.9435  0.7982  -1.0000  -1.0000  0.6733  0.7357  0.7361  0.7361  -1.0000  -1.0000  0.7361  0.1198  0.000040
epoch:193 0.6722  0.9446  0.7971  -1.0000  -1.0000  0.6722  0.7381  0.7382  0.7382  -1.0000  -1.0000  0.7382  0.1172  0.000040
epoch:194 0.6853  0.9503  0.8098  -1.0000  -1.0000  0.6853  0.7448  0.7550  0.7550  -1.0000  -1.0000  0.7550  0.1190  0.000040
epoch:195 0.6783  0.9483  0.7806  -1.0000  -1.0000  0.6783  0.7416  0.7424  0.7424  -1.0000  -1.0000  0.7424  0.1199  0.000040
epoch:196 0.6753  0.9421  0.7579  -1.0000  -1.0000  0.6753  0.7378  0.7428  0.7428  -1.0000  -1.0000  0.7428  0.1205  0.000040
epoch:197 0.6854  0.9431  0.8020  -1.0000  -1.0000  0.6854  0.7474  0.7474  0.7474  -1.0000  -1.0000  0.7474  0.1191  0.000040
epoch:198 0.6810  0.9491  0.8061  -1.0000  -1.0000  0.6810  0.7475  0.7512  0.7512  -1.0000  -1.0000  0.7512  0.1194  0.000040
epoch:199 0.6882  0.9462  0.8071  -1.0000  -1.0000  0.6882  0.7539  0.7583  0.7583  -1.0000  -1.0000  0.7583  0.1202  0.000040
epoch:200 0.6814  0.9479  0.7979  -1.0000  -1.0000  0.6814  0.7398  0.7437  0.7437  -1.0000  -1.0000  0.7437  0.1186  0.000040
epoch:201 0.6858  0.9494  0.8048  -1.0000  -1.0000  0.6858  0.7507  0.7527  0.7527  -1.0000  -1.0000  0.7527  0.1207  0.000040
epoch:202 0.6748  0.9499  0.7913  -1.0000  -1.0000  0.6748  0.7417  0.7421  0.7421  -1.0000  -1.0000  0.7421  0.1192  0.000040
epoch:203 0.6813  0.9481  0.7947  -1.0000  -1.0000  0.6813  0.7418  0.7467  0.7467  -1.0000  -1.0000  0.7467  0.1183  0.000040
epoch:204 0.6825  0.9433  0.7930  -1.0000  -1.0000  0.6825  0.7451  0.7471  0.7471  -1.0000  -1.0000  0.7471  0.1199  0.000040
epoch:205 0.6841  0.9437  0.7971  -1.0000  -1.0000  0.6841  0.7457  0.7464  0.7464  -1.0000  -1.0000  0.7464  0.1182  0.000040
epoch:206 0.6861  0.9442  0.8042  -1.0000  -1.0000  0.6861  0.7484  0.7494  0.7494  -1.0000  -1.0000  0.7494  0.1193  0.000040
epoch:207 0.6744  0.9418  0.7651  -1.0000  -1.0000  0.6744  0.7436  0.7436  0.7436  -1.0000  -1.0000  0.7436  0.1195  0.000040
epoch:208 0.6706  0.9450  0.7619  -1.0000  -1.0000  0.6706  0.7309  0.7341  0.7341  -1.0000  -1.0000  0.7341  0.1189  0.000040
epoch:209 0.6810  0.9481  0.7925  -1.0000  -1.0000  0.6810  0.7481  0.7502  0.7502  -1.0000  -1.0000  0.7502  0.1194  0.000040
epoch:210 0.6760  0.9430  0.8050  -1.0000  -1.0000  0.6760  0.7406  0.7415  0.7415  -1.0000  -1.0000  0.7415  0.1191  0.000040
epoch:211 0.6605  0.9455  0.7812  -1.0000  -1.0000  0.6605  0.7243  0.7243  0.7243  -1.0000  -1.0000  0.7243  0.1180  0.000040
epoch:212 0.6759  0.9476  0.7813  -1.0000  -1.0000  0.6759  0.7368  0.7406  0.7406  -1.0000  -1.0000  0.7406  0.1191  0.000040
epoch:213 0.6784  0.9487  0.7805  -1.0000  -1.0000  0.6784  0.7414  0.7434  0.7434  -1.0000  -1.0000  0.7434  0.1196  0.000040
epoch:214 0.6824  0.9494  0.7833  -1.0000  -1.0000  0.6824  0.7448  0.7495  0.7495  -1.0000  -1.0000  0.7495  0.1176  0.000040
epoch:215 0.6842  0.9453  0.8057  -1.0000  -1.0000  0.6842  0.7509  0.7546  0.7546  -1.0000  -1.0000  0.7546  0.1185  0.000040
epoch:216 0.6739  0.9489  0.7873  -1.0000  -1.0000  0.6739  0.7374  0.7387  0.7387  -1.0000  -1.0000  0.7387  0.1182  0.000040
epoch:217 0.6732  0.9426  0.7614  -1.0000  -1.0000  0.6732  0.7386  0.7417  0.7417  -1.0000  -1.0000  0.7417  0.1179  0.000040
epoch:218 0.6754  0.9409  0.7821  -1.0000  -1.0000  0.6754  0.7392  0.7432  0.7432  -1.0000  -1.0000  0.7432  0.1171  0.000040
epoch:219 0.6670  0.9412  0.7467  -1.0000  -1.0000  0.6670  0.7333  0.7357  0.7357  -1.0000  -1.0000  0.7357  0.1185  0.000040
epoch:220 0.6779  0.9479  0.8098  -1.0000  -1.0000  0.6779  0.7436  0.7438  0.7438  -1.0000  -1.0000  0.7438  0.1187  0.000040
epoch:221 0.6774  0.9445  0.7742  -1.0000  -1.0000  0.6774  0.7397  0.7398  0.7398  -1.0000  -1.0000  0.7398  0.1188  0.000040
epoch:222 0.6808  0.9427  0.7691  -1.0000  -1.0000  0.6808  0.7438  0.7480  0.7480  -1.0000  -1.0000  0.7480  0.1188  0.000040
epoch:223 0.6815  0.9508  0.7915  -1.0000  -1.0000  0.6815  0.7448  0.7514  0.7514  -1.0000  -1.0000  0.7514  0.1167  0.000040
epoch:224 0.6796  0.9461  0.7808  -1.0000  -1.0000  0.6796  0.7435  0.7454  0.7454  -1.0000  -1.0000  0.7454  0.1174  0.000040
epoch:225 0.6802  0.9447  0.8007  -1.0000  -1.0000  0.6802  0.7460  0.7467  0.7467  -1.0000  -1.0000  0.7467  0.1200  0.000040
epoch:226 0.6858  0.9490  0.7790  -1.0000  -1.0000  0.6858  0.7476  0.7516  0.7516  -1.0000  -1.0000  0.7516  0.1174  0.000040
epoch:227 0.6839  0.9508  0.8027  -1.0000  -1.0000  0.6839  0.7465  0.7466  0.7466  -1.0000  -1.0000  0.7466  0.1176  0.000040
epoch:228 0.6749  0.9417  0.7779  -1.0000  -1.0000  0.6749  0.7397  0.7399  0.7399  -1.0000  -1.0000  0.7399  0.1189  0.000040
epoch:229 0.6851  0.9419  0.7959  -1.0000  -1.0000  0.6851  0.7464  0.7509  0.7509  -1.0000  -1.0000  0.7509  0.1188  0.000040
epoch:230 0.6857  0.9431  0.7983  -1.0000  -1.0000  0.6857  0.7443  0.7513  0.7513  -1.0000  -1.0000  0.7513  0.1180  0.000040
epoch:231 0.6832  0.9446  0.7988  -1.0000  -1.0000  0.6832  0.7452  0.7487  0.7487  -1.0000  -1.0000  0.7487  0.1190  0.000040
epoch:232 0.6833  0.9505  0.8074  -1.0000  -1.0000  0.6833  0.7449  0.7488  0.7488  -1.0000  -1.0000  0.7488  0.1179  0.000040
epoch:233 0.6781  0.9476  0.8013  -1.0000  -1.0000  0.6781  0.7440  0.7447  0.7447  -1.0000  -1.0000  0.7447  0.1172  0.000040
epoch:234 0.6790  0.9443  0.7927  -1.0000  -1.0000  0.6790  0.7404  0.7420  0.7420  -1.0000  -1.0000  0.7420  0.1182  0.000040
epoch:235 0.6706  0.9486  0.7628  -1.0000  -1.0000  0.6706  0.7327  0.7348  0.7348  -1.0000  -1.0000  0.7348  0.1172  0.000040
epoch:236 0.6856  0.9420  0.8012  -1.0000  -1.0000  0.6856  0.7495  0.7510  0.7510  -1.0000  -1.0000  0.7510  0.1186  0.000040
epoch:237 0.6840  0.9396  0.7953  -1.0000  -1.0000  0.6840  0.7493  0.7495  0.7495  -1.0000  -1.0000  0.7495  0.1164  0.000040
epoch:238 0.6697  0.9439  0.7594  -1.0000  -1.0000  0.6697  0.7327  0.7328  0.7328  -1.0000  -1.0000  0.7328  0.1168  0.000040
epoch:239 0.6742  0.9418  0.7661  -1.0000  -1.0000  0.6742  0.7369  0.7380  0.7380  -1.0000  -1.0000  0.7380  0.1167  0.000040
epoch:240 0.6795  0.9433  0.7874  -1.0000  -1.0000  0.6795  0.7398  0.7398  0.7398  -1.0000  -1.0000  0.7398  0.1177  0.000040
epoch:241 0.6921  0.9457  0.8121  -1.0000  -1.0000  0.6921  0.7537  0.7540  0.7540  -1.0000  -1.0000  0.7540  0.1174  0.000040
epoch:242 0.6819  0.9418  0.7999  -1.0000  -1.0000  0.6819  0.7464  0.7473  0.7473  -1.0000  -1.0000  0.7473  0.1177  0.000040
epoch:243 0.6827  0.9451  0.7816  -1.0000  -1.0000  0.6827  0.7484  0.7486  0.7486  -1.0000  -1.0000  0.7486  0.1174  0.000040
epoch:244 0.6752  0.9444  0.7793  -1.0000  -1.0000  0.6752  0.7395  0.7399  0.7399  -1.0000  -1.0000  0.7399  0.1176  0.000040
epoch:245 0.6816  0.9475  0.8015  -1.0000  -1.0000  0.6816  0.7447  0.7449  0.7449  -1.0000  -1.0000  0.7449  0.1172  0.000040
epoch:246 0.6783  0.9412  0.7637  -1.0000  -1.0000  0.6783  0.7400  0.7412  0.7412  -1.0000  -1.0000  0.7412  0.1175  0.000040
epoch:247 0.6860  0.9444  0.7886  -1.0000  -1.0000  0.6860  0.7490  0.7502  0.7502  -1.0000  -1.0000  0.7502  0.1182  0.000040
epoch:248 0.6878  0.9447  0.7966  -1.0000  -1.0000  0.6878  0.7461  0.7472  0.7472  -1.0000  -1.0000  0.7472  0.1164  0.000040
epoch:249 0.6770  0.9441  0.7726  -1.0000  -1.0000  0.6770  0.7437  0.7439  0.7439  -1.0000  -1.0000  0.7439  0.1158  0.000040
epoch:250 0.6813  0.9477  0.7989  -1.0000  -1.0000  0.6813  0.7461  0.7466  0.7466  -1.0000  -1.0000  0.7466  0.1194  0.000040
epoch:251 0.6904  0.9496  0.8040  -1.0000  -1.0000  0.6904  0.7513  0.7515  0.7515  -1.0000  -1.0000  0.7515  0.1180  0.000040
epoch:252 0.6864  0.9496  0.7744  -1.0000  -1.0000  0.6864  0.7484  0.7495  0.7495  -1.0000  -1.0000  0.7495  0.1165  0.000040
epoch:253 0.6776  0.9452  0.7920  -1.0000  -1.0000  0.6776  0.7445  0.7451  0.7451  -1.0000  -1.0000  0.7451  0.1165  0.000040
epoch:254 0.6831  0.9422  0.8034  -1.0000  -1.0000  0.6831  0.7456  0.7465  0.7465  -1.0000  -1.0000  0.7465  0.1158  0.000040
epoch:255 0.6798  0.9474  0.7785  -1.0000  -1.0000  0.6798  0.7416  0.7425  0.7425  -1.0000  -1.0000  0.7425  0.1154  0.000040
epoch:256 0.6871  0.9487  0.7904  -1.0000  -1.0000  0.6871  0.7488  0.7538  0.7538  -1.0000  -1.0000  0.7538  0.1168  0.000040
epoch:257 0.6793  0.9423  0.7920  -1.0000  -1.0000  0.6793  0.7421  0.7433  0.7433  -1.0000  -1.0000  0.7433  0.1151  0.000040
epoch:258 0.6721  0.9441  0.7812  -1.0000  -1.0000  0.6721  0.7364  0.7364  0.7364  -1.0000  -1.0000  0.7364  0.1164  0.000040
epoch:259 0.6822  0.9431  0.8048  -1.0000  -1.0000  0.6822  0.7465  0.7474  0.7474  -1.0000  -1.0000  0.7474  0.1196  0.000040
epoch:260 0.6781  0.9474  0.7972  -1.0000  -1.0000  0.6781  0.7433  0.7436  0.7436  -1.0000  -1.0000  0.7436  0.1172  0.000040
epoch:261 0.6872  0.9421  0.7756  -1.0000  -1.0000  0.6872  0.7465  0.7486  0.7486  -1.0000  -1.0000  0.7486  0.1179  0.000040
epoch:262 0.6898  0.9494  0.8101  -1.0000  -1.0000  0.6898  0.7497  0.7543  0.7543  -1.0000  -1.0000  0.7543  0.1168  0.000040
epoch:263 0.6725  0.9424  0.7761  -1.0000  -1.0000  0.6725  0.7354  0.7365  0.7365  -1.0000  -1.0000  0.7365  0.1153  0.000040
epoch:264 0.6825  0.9444  0.7919  -1.0000  -1.0000  0.6825  0.7460  0.7478  0.7478  -1.0000  -1.0000  0.7478  0.1171  0.000040
epoch:265 0.6765  0.9421  0.7866  -1.0000  -1.0000  0.6765  0.7381  0.7392  0.7392  -1.0000  -1.0000  0.7392  0.1158  0.000040
epoch:266 0.6825  0.9437  0.7902  -1.0000  -1.0000  0.6825  0.7472  0.7473  0.7473  -1.0000  -1.0000  0.7473  0.1158  0.000040
epoch:267 0.6771  0.9481  0.7829  -1.0000  -1.0000  0.6771  0.7477  0.7484  0.7484  -1.0000  -1.0000  0.7484  0.1161  0.000040
epoch:268 0.6828  0.9496  0.8014  -1.0000  -1.0000  0.6828  0.7462  0.7469  0.7469  -1.0000  -1.0000  0.7469  0.1168  0.000040
epoch:269 0.6828  0.9457  0.7932  -1.0000  -1.0000  0.6828  0.7447  0.7460  0.7460  -1.0000  -1.0000  0.7460  0.1172  0.000040
epoch:270 0.6766  0.9480  0.7889  -1.0000  -1.0000  0.6766  0.7419  0.7422  0.7422  -1.0000  -1.0000  0.7422  0.1161  0.000040
epoch:271 0.6791  0.9423  0.7815  -1.0000  -1.0000  0.6791  0.7438  0.7440  0.7440  -1.0000  -1.0000  0.7440  0.1157  0.000040
epoch:272 0.6835  0.9433  0.7745  -1.0000  -1.0000  0.6835  0.7483  0.7516  0.7516  -1.0000  -1.0000  0.7516  0.1168  0.000040
epoch:273 0.6827  0.9411  0.7976  -1.0000  -1.0000  0.6827  0.7484  0.7487  0.7487  -1.0000  -1.0000  0.7487  0.1161  0.000040
epoch:274 0.6836  0.9500  0.7972  -1.0000  -1.0000  0.6836  0.7469  0.7470  0.7470  -1.0000  -1.0000  0.7470  0.1157  0.000040
epoch:275 0.6901  0.9483  0.8110  -1.0000  -1.0000  0.6901  0.7535  0.7535  0.7535  -1.0000  -1.0000  0.7535  0.1164  0.000040
epoch:276 0.6776  0.9470  0.7922  -1.0000  -1.0000  0.6776  0.7419  0.7421  0.7421  -1.0000  -1.0000  0.7421  0.1170  0.000040
epoch:277 0.6848  0.9459  0.8212  -1.0000  -1.0000  0.6848  0.7512  0.7540  0.7540  -1.0000  -1.0000  0.7540  0.1146  0.000040
epoch:278 0.6800  0.9450  0.7610  -1.0000  -1.0000  0.6800  0.7396  0.7405  0.7405  -1.0000  -1.0000  0.7405  0.1166  0.000040
epoch:279 0.6846  0.9490  0.7822  -1.0000  -1.0000  0.6846  0.7479  0.7494  0.7494  -1.0000  -1.0000  0.7494  0.1169  0.000040
epoch:280 0.6808  0.9409  0.7900  -1.0000  -1.0000  0.6808  0.7474  0.7477  0.7477  -1.0000  -1.0000  0.7477  0.1167  0.000040
epoch:281 0.6696  0.9456  0.7787  -1.0000  -1.0000  0.6696  0.7395  0.7398  0.7398  -1.0000  -1.0000  0.7398  0.1157  0.000040
epoch:282 0.6686  0.9447  0.7581  -1.0000  -1.0000  0.6686  0.7378  0.7379  0.7379  -1.0000  -1.0000  0.7379  0.1173  0.000040
epoch:283 0.6852  0.9486  0.7739  -1.0000  -1.0000  0.6852  0.7477  0.7494  0.7494  -1.0000  -1.0000  0.7494  0.1160  0.000040
epoch:284 0.6842  0.9458  0.7850  -1.0000  -1.0000  0.6842  0.7425  0.7425  0.7425  -1.0000  -1.0000  0.7425  0.1156  0.000040
epoch:285 0.6853  0.9497  0.7974  -1.0000  -1.0000  0.6853  0.7483  0.7484  0.7484  -1.0000  -1.0000  0.7484  0.1143  0.000040
epoch:286 0.6861  0.9431  0.7868  -1.0000  -1.0000  0.6861  0.7458  0.7474  0.7474  -1.0000  -1.0000  0.7474  0.1157  0.000040
epoch:287 0.6830  0.9441  0.7963  -1.0000  -1.0000  0.6830  0.7474  0.7483  0.7483  -1.0000  -1.0000  0.7483  0.1150  0.000040
epoch:288 0.6796  0.9454  0.7851  -1.0000  -1.0000  0.6796  0.7415  0.7425  0.7425  -1.0000  -1.0000  0.7425  0.1153  0.000040
epoch:289 0.6841  0.9499  0.8007  -1.0000  -1.0000  0.6841  0.7493  0.7504  0.7504  -1.0000  -1.0000  0.7504  0.1169  0.000040
epoch:290 0.6740  0.9489  0.7420  -1.0000  -1.0000  0.6740  0.7349  0.7361  0.7361  -1.0000  -1.0000  0.7361  0.1153  0.000040
epoch:291 0.6792  0.9421  0.7778  -1.0000  -1.0000  0.6792  0.7450  0.7459  0.7459  -1.0000  -1.0000  0.7459  0.1150  0.000040
epoch:292 0.6774  0.9437  0.7893  -1.0000  -1.0000  0.6774  0.7393  0.7401  0.7401  -1.0000  -1.0000  0.7401  0.1178  0.000040
epoch:293 0.6815  0.9430  0.8019  -1.0000  -1.0000  0.6815  0.7402  0.7440  0.7440  -1.0000  -1.0000  0.7440  0.1140  0.000040
epoch:294 0.6847  0.9511  0.8053  -1.0000  -1.0000  0.6847  0.7464  0.7485  0.7485  -1.0000  -1.0000  0.7485  0.1147  0.000040
epoch:295 0.6759  0.9425  0.7748  -1.0000  -1.0000  0.6759  0.7440  0.7442  0.7442  -1.0000  -1.0000  0.7442  0.1154  0.000040
epoch:296 0.6891  0.9431  0.7932  -1.0000  -1.0000  0.6891  0.7495  0.7505  0.7505  -1.0000  -1.0000  0.7505  0.1169  0.000040
epoch:297 0.6908  0.9502  0.7966  -1.0000  -1.0000  0.6908  0.7512  0.7527  0.7527  -1.0000  -1.0000  0.7527  0.1161  0.000040
epoch:298 0.6823  0.9493  0.7743  -1.0000  -1.0000  0.6823  0.7399  0.7423  0.7423  -1.0000  -1.0000  0.7423  0.1173  0.000040
epoch:299 0.6799  0.9497  0.7471  -1.0000  -1.0000  0.6799  0.7416  0.7434  0.7434  -1.0000  -1.0000  0.7434  0.1159  0.000040
epoch:300 0.6806  0.9484  0.7732  -1.0000  -1.0000  0.6806  0.7454  0.7465  0.7465  -1.0000  -1.0000  0.7465  0.1155  0.000040
epoch:301 0.6879  0.9429  0.8032  -1.0000  -1.0000  0.6879  0.7500  0.7515  0.7515  -1.0000  -1.0000  0.7515  0.1171  0.000040
epoch:302 0.6847  0.9456  0.8004  -1.0000  -1.0000  0.6847  0.7498  0.7541  0.7541  -1.0000  -1.0000  0.7541  0.1145  0.000040
epoch:303 0.6769  0.9431  0.8125  -1.0000  -1.0000  0.6769  0.7340  0.7387  0.7387  -1.0000  -1.0000  0.7387  0.1154  0.000040
epoch:304 0.6858  0.9484  0.7805  -1.0000  -1.0000  0.6858  0.7495  0.7504  0.7504  -1.0000  -1.0000  0.7504  0.1159  0.000040
epoch:305 0.6945  0.9430  0.8141  -1.0000  -1.0000  0.6945  0.7552  0.7572  0.7572  -1.0000  -1.0000  0.7572  0.1152  0.000040
epoch:306 0.6879  0.9518  0.7840  -1.0000  -1.0000  0.6879  0.7473  0.7476  0.7476  -1.0000  -1.0000  0.7476  0.1153  0.000040
epoch:307 0.6877  0.9508  0.7850  -1.0000  -1.0000  0.6877  0.7490  0.7492  0.7492  -1.0000  -1.0000  0.7492  0.1147  0.000040
epoch:308 0.6884  0.9496  0.7904  -1.0000  -1.0000  0.6884  0.7525  0.7525  0.7525  -1.0000  -1.0000  0.7525  0.1140  0.000040
epoch:309 0.6812  0.9492  0.7952  -1.0000  -1.0000  0.6812  0.7482  0.7491  0.7491  -1.0000  -1.0000  0.7491  0.1147  0.000040
epoch:310 0.6829  0.9501  0.7874  -1.0000  -1.0000  0.6829  0.7440  0.7442  0.7442  -1.0000  -1.0000  0.7442  0.1150  0.000040
epoch:311 0.6783  0.9502  0.7723  -1.0000  -1.0000  0.6783  0.7396  0.7413  0.7413  -1.0000  -1.0000  0.7413  0.1145  0.000040
epoch:312 0.6824  0.9446  0.7770  -1.0000  -1.0000  0.6824  0.7448  0.7473  0.7473  -1.0000  -1.0000  0.7473  0.1150  0.000040
epoch:313 0.6825  0.9450  0.7608  -1.0000  -1.0000  0.6825  0.7452  0.7467  0.7467  -1.0000  -1.0000  0.7467  0.1155  0.000040
epoch:314 0.6818  0.9507  0.7684  -1.0000  -1.0000  0.6818  0.7455  0.7463  0.7463  -1.0000  -1.0000  0.7463  0.1146  0.000040
epoch:315 0.6862  0.9490  0.7874  -1.0000  -1.0000  0.6862  0.7449  0.7451  0.7451  -1.0000  -1.0000  0.7451  0.1133  0.000040
epoch:316 0.6806  0.9447  0.7593  -1.0000  -1.0000  0.6806  0.7373  0.7410  0.7410  -1.0000  -1.0000  0.7410  0.1150  0.000040
epoch:317 0.6818  0.9434  0.7935  -1.0000  -1.0000  0.6818  0.7450  0.7468  0.7468  -1.0000  -1.0000  0.7468  0.1152  0.000040
epoch:318 0.6861  0.9452  0.7942  -1.0000  -1.0000  0.6861  0.7511  0.7538  0.7538  -1.0000  -1.0000  0.7538  0.1162  0.000040
epoch:319 0.6869  0.9476  0.7719  -1.0000  -1.0000  0.6869  0.7507  0.7523  0.7523  -1.0000  -1.0000  0.7523  0.1150  0.000040
epoch:320 0.6863  0.9430  0.7876  -1.0000  -1.0000  0.6863  0.7494  0.7505  0.7505  -1.0000  -1.0000  0.7505  0.1149  0.000040
epoch:321 0.6853  0.9498  0.7867  -1.0000  -1.0000  0.6853  0.7474  0.7483  0.7483  -1.0000  -1.0000  0.7483  0.1145  0.000040
epoch:322 0.6773  0.9499  0.7924  -1.0000  -1.0000  0.6773  0.7420  0.7427  0.7427  -1.0000  -1.0000  0.7427  0.1133  0.000040
epoch:323 0.6897  0.9438  0.8057  -1.0000  -1.0000  0.6897  0.7494  0.7518  0.7518  -1.0000  -1.0000  0.7518  0.1150  0.000040
epoch:324 0.6894  0.9495  0.7774  -1.0000  -1.0000  0.6894  0.7539  0.7540  0.7540  -1.0000  -1.0000  0.7540  0.1147  0.000040
epoch:325 0.6799  0.9483  0.7701  -1.0000  -1.0000  0.6799  0.7446  0.7448  0.7448  -1.0000  -1.0000  0.7448  0.1152  0.000040
epoch:326 0.6816  0.9482  0.7735  -1.0000  -1.0000  0.6816  0.7434  0.7471  0.7471  -1.0000  -1.0000  0.7471  0.1139  0.000040
epoch:327 0.6781  0.9460  0.7786  -1.0000  -1.0000  0.6781  0.7377  0.7408  0.7408  -1.0000  -1.0000  0.7408  0.1139  0.000040
epoch:328 0.6780  0.9448  0.7801  -1.0000  -1.0000  0.6780  0.7388  0.7419  0.7419  -1.0000  -1.0000  0.7419  0.1149  0.000040
epoch:329 0.6802  0.9423  0.7832  -1.0000  -1.0000  0.6802  0.7480  0.7494  0.7494  -1.0000  -1.0000  0.7494  0.1148  0.000040
epoch:330 0.6767  0.9439  0.7538  -1.0000  -1.0000  0.6767  0.7399  0.7418  0.7418  -1.0000  -1.0000  0.7418  0.1139  0.000040
epoch:331 0.6864  0.9410  0.7764  -1.0000  -1.0000  0.6864  0.7529  0.7538  0.7538  -1.0000  -1.0000  0.7538  0.1131  0.000040
epoch:332 0.6783  0.9433  0.7783  -1.0000  -1.0000  0.6783  0.7416  0.7427  0.7427  -1.0000  -1.0000  0.7427  0.1152  0.000040
epoch:333 0.6866  0.9462  0.7781  -1.0000  -1.0000  0.6866  0.7511  0.7520  0.7520  -1.0000  -1.0000  0.7520  0.1154  0.000040
epoch:334 0.6911  0.9514  0.8173  -1.0000  -1.0000  0.6911  0.7554  0.7554  0.7554  -1.0000  -1.0000  0.7554  0.1149  0.000040
epoch:335 0.6825  0.9429  0.7657  -1.0000  -1.0000  0.6825  0.7477  0.7488  0.7488  -1.0000  -1.0000  0.7488  0.1148  0.000040
epoch:336 0.6829  0.9492  0.7869  -1.0000  -1.0000  0.6829  0.7501  0.7502  0.7502  -1.0000  -1.0000  0.7502  0.1124  0.000040
epoch:337 0.6853  0.9499  0.7863  -1.0000  -1.0000  0.6853  0.7477  0.7487  0.7487  -1.0000  -1.0000  0.7487  0.1139  0.000040
epoch:338 0.6903  0.9495  0.7780  -1.0000  -1.0000  0.6903  0.7529  0.7543  0.7543  -1.0000  -1.0000  0.7543  0.1151  0.000040
epoch:339 0.6786  0.9442  0.7647  -1.0000  -1.0000  0.6786  0.7401  0.7416  0.7416  -1.0000  -1.0000  0.7416  0.1131  0.000040
epoch:340 0.6805  0.9440  0.7611  -1.0000  -1.0000  0.6805  0.7432  0.7462  0.7462  -1.0000  -1.0000  0.7462  0.1135  0.000040
epoch:341 0.6827  0.9495  0.7831  -1.0000  -1.0000  0.6827  0.7474  0.7480  0.7480  -1.0000  -1.0000  0.7480  0.1138  0.000040
epoch:342 0.6769  0.9458  0.7713  -1.0000  -1.0000  0.6769  0.7362  0.7376  0.7376  -1.0000  -1.0000  0.7376  0.1169  0.000040
epoch:343 0.6788  0.9436  0.7869  -1.0000  -1.0000  0.6788  0.7395  0.7413  0.7413  -1.0000  -1.0000  0.7413  0.1130  0.000040
epoch:344 0.6810  0.9488  0.8083  -1.0000  -1.0000  0.6810  0.7406  0.7407  0.7407  -1.0000  -1.0000  0.7407  0.1140  0.000040
epoch:345 0.6949  0.9505  0.7925  -1.0000  -1.0000  0.6949  0.7604  0.7613  0.7613  -1.0000  -1.0000  0.7613  0.1137  0.000040
epoch:346 0.6894  0.9486  0.7894  -1.0000  -1.0000  0.6894  0.7518  0.7539  0.7539  -1.0000  -1.0000  0.7539  0.1139  0.000040
epoch:347 0.6843  0.9453  0.7812  -1.0000  -1.0000  0.6843  0.7476  0.7487  0.7487  -1.0000  -1.0000  0.7487  0.1141  0.000040
epoch:348 0.6810  0.9487  0.7819  -1.0000  -1.0000  0.6810  0.7447  0.7448  0.7448  -1.0000  -1.0000  0.7448  0.1135  0.000040
epoch:349 0.6830  0.9444  0.7808  -1.0000  -1.0000  0.6830  0.7421  0.7424  0.7424  -1.0000  -1.0000  0.7424  0.1143  0.000040
epoch:350 0.6860  0.9500  0.7810  -1.0000  -1.0000  0.6860  0.7489  0.7497  0.7497  -1.0000  -1.0000  0.7497  0.1120  0.000040
epoch:351 0.6779  0.9428  0.7806  -1.0000  -1.0000  0.6779  0.7427  0.7427  0.7427  -1.0000  -1.0000  0.7427  0.1130  0.000040
epoch:352 0.6899  0.9447  0.7958  -1.0000  -1.0000  0.6899  0.7554  0.7566  0.7566  -1.0000  -1.0000  0.7566  0.1126  0.000040
epoch:353 0.6884  0.9484  0.7853  -1.0000  -1.0000  0.6884  0.7493  0.7533  0.7533  -1.0000  -1.0000  0.7533  0.1132  0.000040
epoch:354 0.6879  0.9500  0.7934  -1.0000  -1.0000  0.6879  0.7495  0.7504  0.7504  -1.0000  -1.0000  0.7504  0.1134  0.000040
epoch:355 0.6844  0.9488  0.7815  -1.0000  -1.0000  0.6844  0.7482  0.7482  0.7482  -1.0000  -1.0000  0.7482  0.1138  0.000040
epoch:356 0.6856  0.9426  0.7833  -1.0000  -1.0000  0.6856  0.7507  0.7528  0.7528  -1.0000  -1.0000  0.7528  0.1133  0.000040
epoch:357 0.6852  0.9493  0.7844  -1.0000  -1.0000  0.6852  0.7477  0.7487  0.7487  -1.0000  -1.0000  0.7487  0.1129  0.000040
epoch:358 0.6811  0.9500  0.7805  -1.0000  -1.0000  0.6811  0.7463  0.7464  0.7464  -1.0000  -1.0000  0.7464  0.1134  0.000040
epoch:359 0.6873  0.9499  0.7702  -1.0000  -1.0000  0.6873  0.7511  0.7521  0.7521  -1.0000  -1.0000  0.7521  0.1134  0.000040
epoch:360 0.6743  0.9503  0.7679  -1.0000  -1.0000  0.6743  0.7353  0.7365  0.7365  -1.0000  -1.0000  0.7365  0.1141  0.000040
epoch:361 0.6859  0.9441  0.7719  -1.0000  -1.0000  0.6859  0.7518  0.7521  0.7521  -1.0000  -1.0000  0.7521  0.1126  0.000040
epoch:362 0.6776  0.9498  0.7645  -1.0000  -1.0000  0.6776  0.7378  0.7405  0.7405  -1.0000  -1.0000  0.7405  0.1132  0.000040
epoch:363 0.6902  0.9435  0.7877  -1.0000  -1.0000  0.6902  0.7540  0.7540  0.7540  -1.0000  -1.0000  0.7540  0.1120  0.000040
epoch:364 0.6838  0.9497  0.7896  -1.0000  -1.0000  0.6838  0.7428  0.7439  0.7439  -1.0000  -1.0000  0.7439  0.1128  0.000040
epoch:365 0.6916  0.9440  0.7926  -1.0000  -1.0000  0.6916  0.7553  0.7567  0.7567  -1.0000  -1.0000  0.7567  0.1138  0.000040
epoch:366 0.6808  0.9448  0.7823  -1.0000  -1.0000  0.6808  0.7443  0.7458  0.7458  -1.0000  -1.0000  0.7458  0.1119  0.000040
epoch:367 0.6758  0.9479  0.7983  -1.0000  -1.0000  0.6758  0.7374  0.7394  0.7394  -1.0000  -1.0000  0.7394  0.1132  0.000040
epoch:368 0.6858  0.9444  0.7799  -1.0000  -1.0000  0.6858  0.7440  0.7467  0.7467  -1.0000  -1.0000  0.7467  0.1138  0.000040
epoch:369 0.6808  0.9450  0.7812  -1.0000  -1.0000  0.6808  0.7388  0.7412  0.7412  -1.0000  -1.0000  0.7412  0.1124  0.000040
epoch:370 0.6812  0.9441  0.7825  -1.0000  -1.0000  0.6812  0.7430  0.7450  0.7450  -1.0000  -1.0000  0.7450  0.1116  0.000040
epoch:371 0.6831  0.9454  0.7699  -1.0000  -1.0000  0.6831  0.7487  0.7495  0.7495  -1.0000  -1.0000  0.7495  0.1123  0.000040
epoch:372 0.6886  0.9449  0.8001  -1.0000  -1.0000  0.6886  0.7502  0.7504  0.7504  -1.0000  -1.0000  0.7504  0.1130  0.000040
epoch:373 0.6820  0.9498  0.7817  -1.0000  -1.0000  0.6820  0.7452  0.7455  0.7455  -1.0000  -1.0000  0.7455  0.1135  0.000040
epoch:374 0.6922  0.9441  0.7759  -1.0000  -1.0000  0.6922  0.7565  0.7585  0.7585  -1.0000  -1.0000  0.7585  0.1111  0.000040
epoch:375 0.6855  0.9486  0.7787  -1.0000  -1.0000  0.6855  0.7499  0.7509  0.7509  -1.0000  -1.0000  0.7509  0.1136  0.000040
epoch:376 0.6908  0.9420  0.7900  -1.0000  -1.0000  0.6908  0.7531  0.7543  0.7543  -1.0000  -1.0000  0.7543  0.1116  0.000040
epoch:377 0.6824  0.9500  0.8020  -1.0000  -1.0000  0.6824  0.7455  0.7463  0.7463  -1.0000  -1.0000  0.7463  0.1135  0.000040
epoch:378 0.6953  0.9495  0.8033  -1.0000  -1.0000  0.6953  0.7583  0.7598  0.7598  -1.0000  -1.0000  0.7598  0.1134  0.000040
epoch:379 0.6778  0.9427  0.7571  -1.0000  -1.0000  0.6778  0.7431  0.7443  0.7443  -1.0000  -1.0000  0.7443  0.1137  0.000040
epoch:380 0.6812  0.9464  0.7934  -1.0000  -1.0000  0.6812  0.7436  0.7448  0.7448  -1.0000  -1.0000  0.7448  0.1137  0.000040
epoch:381 0.6880  0.9447  0.7804  -1.0000  -1.0000  0.6880  0.7542  0.7543  0.7543  -1.0000  -1.0000  0.7543  0.1126  0.000040
epoch:382 0.6859  0.9436  0.7915  -1.0000  -1.0000  0.6859  0.7486  0.7508  0.7508  -1.0000  -1.0000  0.7508  0.1131  0.000040
epoch:383 0.6795  0.9445  0.7840  -1.0000  -1.0000  0.6795  0.7430  0.7440  0.7440  -1.0000  -1.0000  0.7440  0.1107  0.000040
epoch:384 0.6782  0.9491  0.7782  -1.0000  -1.0000  0.6782  0.7439  0.7455  0.7455  -1.0000  -1.0000  0.7455  0.1127  0.000040
epoch:385 0.6858  0.9479  0.7649  -1.0000  -1.0000  0.6858  0.7493  0.7512  0.7512  -1.0000  -1.0000  0.7512  0.1124  0.000040
epoch:386 0.6831  0.9458  0.7804  -1.0000  -1.0000  0.6831  0.7435  0.7450  0.7450  -1.0000  -1.0000  0.7450  0.1116  0.000040
epoch:387 0.6767  0.9452  0.7639  -1.0000  -1.0000  0.6767  0.7405  0.7407  0.7407  -1.0000  -1.0000  0.7407  0.1130  0.000040
epoch:388 0.6832  0.9438  0.7723  -1.0000  -1.0000  0.6832  0.7467  0.7477  0.7477  -1.0000  -1.0000  0.7477  0.1135  0.000040
epoch:389 0.6832  0.9486  0.7584  -1.0000  -1.0000  0.6832  0.7510  0.7523  0.7523  -1.0000  -1.0000  0.7523  0.1122  0.000040
epoch:390 0.6883  0.9428  0.8066  -1.0000  -1.0000  0.6883  0.7487  0.7524  0.7524  -1.0000  -1.0000  0.7524  0.1115  0.000040
epoch:391 0.6911  0.9510  0.8034  -1.0000  -1.0000  0.6911  0.7525  0.7537  0.7537  -1.0000  -1.0000  0.7537  0.1119  0.000040
epoch:392 0.6769  0.9478  0.7662  -1.0000  -1.0000  0.6769  0.7400  0.7422  0.7422  -1.0000  -1.0000  0.7422  0.1109  0.000040
epoch:393 0.6878  0.9444  0.7826  -1.0000  -1.0000  0.6878  0.7468  0.7502  0.7502  -1.0000  -1.0000  0.7502  0.1120  0.000040
epoch:394 0.6911  0.9501  0.7947  -1.0000  -1.0000  0.6911  0.7562  0.7572  0.7572  -1.0000  -1.0000  0.7572  0.1120  0.000040
epoch:395 0.6783  0.9492  0.7638  -1.0000  -1.0000  0.6783  0.7438  0.7451  0.7451  -1.0000  -1.0000  0.7451  0.1117  0.000040
epoch:396 0.6883  0.9439  0.7778  -1.0000  -1.0000  0.6883  0.7480  0.7532  0.7532  -1.0000  -1.0000  0.7532  0.1128  0.000040
epoch:397 0.6824  0.9465  0.7938  -1.0000  -1.0000  0.6824  0.7428  0.7443  0.7443  -1.0000  -1.0000  0.7443  0.1131  0.000040
epoch:398 0.6807  0.9499  0.7761  -1.0000  -1.0000  0.6807  0.7447  0.7480  0.7480  -1.0000  -1.0000  0.7480  0.1133  0.000040
epoch:399 0.6907  0.9430  0.8217  -1.0000  -1.0000  0.6907  0.7548  0.7569  0.7569  -1.0000  -1.0000  0.7569  0.1123  0.000040
epoch:400 0.6839  0.9492  0.7686  -1.0000  -1.0000  0.6839  0.7465  0.7485  0.7485  -1.0000  -1.0000  0.7485  0.1099  0.000040
epoch:401 0.6892  0.9446  0.7962  -1.0000  -1.0000  0.6892  0.7534  0.7534  0.7534  -1.0000  -1.0000  0.7534  0.1127  0.000040
epoch:402 0.6793  0.9431  0.7755  -1.0000  -1.0000  0.6793  0.7394  0.7419  0.7419  -1.0000  -1.0000  0.7419  0.1118  0.000040
epoch:403 0.6924  0.9492  0.8043  -1.0000  -1.0000  0.6924  0.7547  0.7558  0.7558  -1.0000  -1.0000  0.7558  0.1136  0.000040
epoch:404 0.6800  0.9439  0.7810  -1.0000  -1.0000  0.6800  0.7440  0.7460  0.7460  -1.0000  -1.0000  0.7460  0.1124  0.000040
epoch:405 0.6849  0.9481  0.7998  -1.0000  -1.0000  0.6849  0.7479  0.7512  0.7512  -1.0000  -1.0000  0.7512  0.1127  0.000040
epoch:406 0.6906  0.9442  0.8021  -1.0000  -1.0000  0.6906  0.7489  0.7494  0.7494  -1.0000  -1.0000  0.7494  0.1114  0.000040
epoch:407 0.6939  0.9449  0.7759  -1.0000  -1.0000  0.6939  0.7546  0.7566  0.7566  -1.0000  -1.0000  0.7566  0.1102  0.000040
epoch:408 0.6804  0.9431  0.7987  -1.0000  -1.0000  0.6804  0.7474  0.7488  0.7488  -1.0000  -1.0000  0.7488  0.1116  0.000040
epoch:409 0.6895  0.9435  0.7893  -1.0000  -1.0000  0.6895  0.7531  0.7557  0.7557  -1.0000  -1.0000  0.7557  0.1110  0.000040
epoch:410 0.6799  0.9427  0.7862  -1.0000  -1.0000  0.6799  0.7453  0.7475  0.7475  -1.0000  -1.0000  0.7475  0.1118  0.000040
epoch:411 0.6886  0.9492  0.7964  -1.0000  -1.0000  0.6886  0.7487  0.7496  0.7496  -1.0000  -1.0000  0.7496  0.1111  0.000040
epoch:412 0.6785  0.9433  0.7685  -1.0000  -1.0000  0.6785  0.7433  0.7445  0.7445  -1.0000  -1.0000  0.7445  0.1122  0.000040
epoch:413 0.6807  0.9425  0.8028  -1.0000  -1.0000  0.6807  0.7473  0.7478  0.7478  -1.0000  -1.0000  0.7478  0.1123  0.000040
epoch:414 0.6905  0.9449  0.8148  -1.0000  -1.0000  0.6905  0.7448  0.7468  0.7468  -1.0000  -1.0000  0.7468  0.1117  0.000040
epoch:415 0.6821  0.9436  0.8028  -1.0000  -1.0000  0.6821  0.7446  0.7467  0.7467  -1.0000  -1.0000  0.7467  0.1104  0.000040
epoch:416 0.6937  0.9515  0.8020  -1.0000  -1.0000  0.6937  0.7499  0.7512  0.7512  -1.0000  -1.0000  0.7512  0.1109  0.000040
epoch:417 0.6911  0.9454  0.8094  -1.0000  -1.0000  0.6911  0.7522  0.7534  0.7534  -1.0000  -1.0000  0.7534  0.1115  0.000040
epoch:418 0.6805  0.9442  0.7718  -1.0000  -1.0000  0.6805  0.7460  0.7463  0.7463  -1.0000  -1.0000  0.7463  0.1124  0.000040
epoch:419 0.6823  0.9440  0.7871  -1.0000  -1.0000  0.6823  0.7444  0.7456  0.7456  -1.0000  -1.0000  0.7456  0.1110  0.000040
epoch:420 0.6871  0.9501  0.8037  -1.0000  -1.0000  0.6871  0.7495  0.7517  0.7517  -1.0000  -1.0000  0.7517  0.1109  0.000040
epoch:421 0.6853  0.9447  0.7960  -1.0000  -1.0000  0.6853  0.7493  0.7515  0.7515  -1.0000  -1.0000  0.7515  0.1105  0.000040
epoch:422 0.6781  0.9444  0.7610  -1.0000  -1.0000  0.6781  0.7364  0.7389  0.7389  -1.0000  -1.0000  0.7389  0.1119  0.000040
epoch:423 0.6855  0.9479  0.7869  -1.0000  -1.0000  0.6855  0.7528  0.7546  0.7546  -1.0000  -1.0000  0.7546  0.1092  0.000040
epoch:424 0.6960  0.9454  0.8042  -1.0000  -1.0000  0.6960  0.7620  0.7635  0.7635  -1.0000  -1.0000  0.7635  0.1119  0.000040
epoch:425 0.6879  0.9438  0.7813  -1.0000  -1.0000  0.6879  0.7519  0.7530  0.7530  -1.0000  -1.0000  0.7530  0.1119  0.000040
epoch:426 0.6823  0.9432  0.7567  -1.0000  -1.0000  0.6823  0.7454  0.7486  0.7486  -1.0000  -1.0000  0.7486  0.1104  0.000040
epoch:427 0.6802  0.9430  0.7885  -1.0000  -1.0000  0.6802  0.7471  0.7478  0.7478  -1.0000  -1.0000  0.7478  0.1111  0.000040
epoch:428 0.6870  0.9431  0.7894  -1.0000  -1.0000  0.6870  0.7509  0.7518  0.7518  -1.0000  -1.0000  0.7518  0.1117  0.000040
epoch:429 0.6913  0.9511  0.7646  -1.0000  -1.0000  0.6913  0.7560  0.7578  0.7578  -1.0000  -1.0000  0.7578  0.1106  0.000040
epoch:430 0.6803  0.9437  0.7704  -1.0000  -1.0000  0.6803  0.7419  0.7437  0.7437  -1.0000  -1.0000  0.7437  0.1097  0.000040
epoch:431 0.6948  0.9448  0.8287  -1.0000  -1.0000  0.6948  0.7567  0.7584  0.7584  -1.0000  -1.0000  0.7584  0.1118  0.000040
epoch:432 0.6925  0.9439  0.7736  -1.0000  -1.0000  0.6925  0.7563  0.7583  0.7583  -1.0000  -1.0000  0.7583  0.1129  0.000040
epoch:433 0.6798  0.9448  0.7600  -1.0000  -1.0000  0.6798  0.7435  0.7444  0.7444  -1.0000  -1.0000  0.7444  0.1124  0.000040
epoch:434 0.6778  0.9436  0.8009  -1.0000  -1.0000  0.6778  0.7402  0.7425  0.7425  -1.0000  -1.0000  0.7425  0.1103  0.000040
epoch:435 0.6809  0.9473  0.7617  -1.0000  -1.0000  0.6809  0.7425  0.7445  0.7445  -1.0000  -1.0000  0.7445  0.1105  0.000040
epoch:436 0.6838  0.9438  0.7906  -1.0000  -1.0000  0.6838  0.7446  0.7466  0.7466  -1.0000  -1.0000  0.7466  0.1097  0.000040
epoch:437 0.6965  0.9454  0.8253  -1.0000  -1.0000  0.6965  0.7605  0.7611  0.7611  -1.0000  -1.0000  0.7611  0.1119  0.000040
epoch:438 0.6880  0.9500  0.7873  -1.0000  -1.0000  0.6880  0.7476  0.7517  0.7517  -1.0000  -1.0000  0.7517  0.1107  0.000040
epoch:439 0.6879  0.9433  0.7986  -1.0000  -1.0000  0.6879  0.7537  0.7558  0.7558  -1.0000  -1.0000  0.7558  0.1090  0.000040
epoch:440 0.6789  0.9422  0.7725  -1.0000  -1.0000  0.6789  0.7463  0.7478  0.7478  -1.0000  -1.0000  0.7478  0.1090  0.000040
epoch:441 0.6847  0.9425  0.7833  -1.0000  -1.0000  0.6847  0.7488  0.7507  0.7507  -1.0000  -1.0000  0.7507  0.1106  0.000040
epoch:442 0.6817  0.9453  0.7925  -1.0000  -1.0000  0.6817  0.7453  0.7478  0.7478  -1.0000  -1.0000  0.7478  0.1124  0.000040
epoch:443 0.6765  0.9441  0.7720  -1.0000  -1.0000  0.6765  0.7395  0.7414  0.7414  -1.0000  -1.0000  0.7414  0.1101  0.000040
epoch:444 0.6941  0.9437  0.7881  -1.0000  -1.0000  0.6941  0.7571  0.7582  0.7582  -1.0000  -1.0000  0.7582  0.1112  0.000040
epoch:445 0.6922  0.9444  0.8015  -1.0000  -1.0000  0.6922  0.7539  0.7549  0.7549  -1.0000  -1.0000  0.7549  0.1095  0.000040
epoch:446 0.6963  0.9435  0.8018  -1.0000  -1.0000  0.6963  0.7582  0.7596  0.7596  -1.0000  -1.0000  0.7596  0.1099  0.000040
epoch:447 0.6866  0.9432  0.7758  -1.0000  -1.0000  0.6866  0.7524  0.7535  0.7535  -1.0000  -1.0000  0.7535  0.1100  0.000040
epoch:448 0.6830  0.9448  0.7769  -1.0000  -1.0000  0.6830  0.7449  0.7469  0.7469  -1.0000  -1.0000  0.7469  0.1097  0.000040
epoch:449 0.6870  0.9450  0.8022  -1.0000  -1.0000  0.6870  0.7489  0.7510  0.7510  -1.0000  -1.0000  0.7510  0.1108  0.000040
epoch:450 0.6913  0.9447  0.8028  -1.0000  -1.0000  0.6913  0.7526  0.7551  0.7551  -1.0000  -1.0000  0.7551  0.1107  0.000040
epoch:451 0.6924  0.9472  0.8010  -1.0000  -1.0000  0.6924  0.7518  0.7518  0.7518  -1.0000  -1.0000  0.7518  0.1102  0.000040
epoch:452 0.6928  0.9444  0.8183  -1.0000  -1.0000  0.6928  0.7567  0.7576  0.7576  -1.0000  -1.0000  0.7576  0.1092  0.000040
epoch:453 0.6956  0.9432  0.7985  -1.0000  -1.0000  0.6956  0.7587  0.7602  0.7602  -1.0000  -1.0000  0.7602  0.1106  0.000040
epoch:454 0.6842  0.9449  0.7946  -1.0000  -1.0000  0.6842  0.7462  0.7474  0.7474  -1.0000  -1.0000  0.7474  0.1103  0.000040
epoch:455 0.6846  0.9444  0.7975  -1.0000  -1.0000  0.6846  0.7456  0.7478  0.7478  -1.0000  -1.0000  0.7478  0.1105  0.000040
epoch:456 0.6815  0.9424  0.7809  -1.0000  -1.0000  0.6815  0.7462  0.7481  0.7481  -1.0000  -1.0000  0.7481  0.1097  0.000040
epoch:457 0.7000  0.9449  0.8241  -1.0000  -1.0000  0.7000  0.7595  0.7642  0.7642  -1.0000  -1.0000  0.7642  0.1111  0.000040
epoch:458 0.6819  0.9443  0.7674  -1.0000  -1.0000  0.6819  0.7464  0.7478  0.7478  -1.0000  -1.0000  0.7478  0.1108  0.000040
epoch:459 0.6835  0.9447  0.7809  -1.0000  -1.0000  0.6835  0.7455  0.7456  0.7456  -1.0000  -1.0000  0.7456  0.1100  0.000040
epoch:460 0.6826  0.9449  0.7845  -1.0000  -1.0000  0.6826  0.7450  0.7477  0.7477  -1.0000  -1.0000  0.7477  0.1095  0.000040
epoch:461 0.6895  0.9438  0.7899  -1.0000  -1.0000  0.6895  0.7536  0.7541  0.7541  -1.0000  -1.0000  0.7541  0.1107  0.000040
epoch:462 0.6821  0.9462  0.7769  -1.0000  -1.0000  0.6821  0.7413  0.7432  0.7432  -1.0000  -1.0000  0.7432  0.1100  0.000040
epoch:463 0.6846  0.9444  0.7784  -1.0000  -1.0000  0.6846  0.7497  0.7523  0.7523  -1.0000  -1.0000  0.7523  0.1108  0.000040
epoch:464 0.6814  0.9430  0.7811  -1.0000  -1.0000  0.6814  0.7463  0.7472  0.7472  -1.0000  -1.0000  0.7472  0.1115  0.000040
epoch:465 0.6807  0.9446  0.7634  -1.0000  -1.0000  0.6807  0.7456  0.7473  0.7473  -1.0000  -1.0000  0.7473  0.1111  0.000040
epoch:466 0.6868  0.9481  0.7902  -1.0000  -1.0000  0.6868  0.7517  0.7537  0.7537  -1.0000  -1.0000  0.7537  0.1103  0.000040
epoch:467 0.6848  0.9416  0.8099  -1.0000  -1.0000  0.6848  0.7497  0.7497  0.7497  -1.0000  -1.0000  0.7497  0.1108  0.000040
epoch:468 0.6891  0.9437  0.7758  -1.0000  -1.0000  0.6891  0.7526  0.7540  0.7540  -1.0000  -1.0000  0.7540  0.1095  0.000040
epoch:469 0.6809  0.9425  0.7939  -1.0000  -1.0000  0.6809  0.7475  0.7490  0.7490  -1.0000  -1.0000  0.7490  0.1096  0.000040
epoch:470 0.6942  0.9445  0.7966  -1.0000  -1.0000  0.6942  0.7559  0.7570  0.7570  -1.0000  -1.0000  0.7570  0.1095  0.000040
epoch:471 0.6855  0.9454  0.7917  -1.0000  -1.0000  0.6855  0.7468  0.7498  0.7498  -1.0000  -1.0000  0.7498  0.1088  0.000040
epoch:472 0.6890  0.9491  0.7882  -1.0000  -1.0000  0.6890  0.7534  0.7566  0.7566  -1.0000  -1.0000  0.7566  0.1096  0.000040
epoch:473 0.6929  0.9442  0.7898  -1.0000  -1.0000  0.6929  0.7551  0.7582  0.7582  -1.0000  -1.0000  0.7582  0.1117  0.000040
epoch:474 0.6822  0.9440  0.8004  -1.0000  -1.0000  0.6822  0.7479  0.7489  0.7489  -1.0000  -1.0000  0.7489  0.1093  0.000040
epoch:475 0.6901  0.9481  0.7993  -1.0000  -1.0000  0.6901  0.7513  0.7522  0.7522  -1.0000  -1.0000  0.7522  0.1084  0.000040
epoch:476 0.6836  0.9438  0.7736  -1.0000  -1.0000  0.6836  0.7476  0.7500  0.7500  -1.0000  -1.0000  0.7500  0.1078  0.000040
epoch:477 0.6938  0.9443  0.8223  -1.0000  -1.0000  0.6938  0.7527  0.7546  0.7546  -1.0000  -1.0000  0.7546  0.1083  0.000040
epoch:478 0.6865  0.9437  0.8020  -1.0000  -1.0000  0.6865  0.7429  0.7459  0.7459  -1.0000  -1.0000  0.7459  0.1088  0.000040
epoch:479 0.6883  0.9440  0.7773  -1.0000  -1.0000  0.6883  0.7484  0.7506  0.7506  -1.0000  -1.0000  0.7506  0.1103  0.000040
epoch:480 0.6868  0.9440  0.8143  -1.0000  -1.0000  0.6868  0.7503  0.7519  0.7519  -1.0000  -1.0000  0.7519  0.1081  0.000040
epoch:481 0.6906  0.9434  0.7916  -1.0000  -1.0000  0.6906  0.7520  0.7550  0.7550  -1.0000  -1.0000  0.7550  0.1093  0.000040
epoch:482 0.6876  0.9445  0.7898  -1.0000  -1.0000  0.6876  0.7501  0.7512  0.7512  -1.0000  -1.0000  0.7512  0.1097  0.000040
epoch:483 0.6883  0.9441  0.7917  -1.0000  -1.0000  0.6883  0.7530  0.7541  0.7541  -1.0000  -1.0000  0.7541  0.1101  0.000040
epoch:484 0.7020  0.9467  0.8147  -1.0000  -1.0000  0.7020  0.7612  0.7628  0.7628  -1.0000  -1.0000  0.7628  0.1102  0.000040
epoch:485 0.6850  0.9451  0.7794  -1.0000  -1.0000  0.6850  0.7495  0.7495  0.7495  -1.0000  -1.0000  0.7495  0.1100  0.000040
epoch:486 0.6836  0.9466  0.7950  -1.0000  -1.0000  0.6836  0.7444  0.7464  0.7464  -1.0000  -1.0000  0.7464  0.1088  0.000040
epoch:487 0.6898  0.9443  0.7917  -1.0000  -1.0000  0.6898  0.7525  0.7537  0.7537  -1.0000  -1.0000  0.7537  0.1093  0.000040
epoch:488 0.6869  0.9450  0.7912  -1.0000  -1.0000  0.6869  0.7482  0.7505  0.7505  -1.0000  -1.0000  0.7505  0.1092  0.000040
epoch:489 0.6943  0.9440  0.8008  -1.0000  -1.0000  0.6943  0.7585  0.7616  0.7616  -1.0000  -1.0000  0.7616  0.1072  0.000040
epoch:490 0.6880  0.9448  0.8068  -1.0000  -1.0000  0.6880  0.7538  0.7560  0.7560  -1.0000  -1.0000  0.7560  0.1089  0.000040
epoch:491 0.6853  0.9447  0.7760  -1.0000  -1.0000  0.6853  0.7487  0.7518  0.7518  -1.0000  -1.0000  0.7518  0.1084  0.000040
epoch:492 0.6933  0.9453  0.7909  -1.0000  -1.0000  0.6933  0.7515  0.7544  0.7544  -1.0000  -1.0000  0.7544  0.1089  0.000040
epoch:493 0.6859  0.9433  0.7928  -1.0000  -1.0000  0.6859  0.7452  0.7483  0.7483  -1.0000  -1.0000  0.7483  0.1091  0.000040
epoch:494 0.6870  0.9441  0.7973  -1.0000  -1.0000  0.6870  0.7509  0.7531  0.7531  -1.0000  -1.0000  0.7531  0.1095  0.000040
epoch:495 0.6855  0.9432  0.7810  -1.0000  -1.0000  0.6855  0.7492  0.7518  0.7518  -1.0000  -1.0000  0.7518  0.1078  0.000040
epoch:496 0.6808  0.9438  0.7680  -1.0000  -1.0000  0.6808  0.7424  0.7444  0.7444  -1.0000  -1.0000  0.7444  0.1083  0.000040
epoch:497 0.6921  0.9444  0.7797  -1.0000  -1.0000  0.6921  0.7542  0.7560  0.7560  -1.0000  -1.0000  0.7560  0.1097  0.000040
epoch:498 0.6900  0.9439  0.8018  -1.0000  -1.0000  0.6900  0.7548  0.7549  0.7549  -1.0000  -1.0000  0.7549  0.1075  0.000040
epoch:499 0.6868  0.9441  0.7900  -1.0000  -1.0000  0.6868  0.7508  0.7515  0.7515  -1.0000  -1.0000  0.7515  0.1086  0.000040
