epoch:0 0.1170  0.2212  0.1150  -1.0000  -1.0000  0.1170  0.1850  0.2350  0.2377  -1.0000  -1.0000  0.2377  1.5069  0.004000
epoch:1 0.2671  0.4663  0.2616  -1.0000  -1.0000  0.2671  0.4369  0.5126  0.5126  -1.0000  -1.0000  0.5126  0.4488  0.004000
epoch:2 0.3491  0.5968  0.3549  -1.0000  -1.0000  0.3491  0.5372  0.6120  0.6120  -1.0000  -1.0000  0.6120  0.3545  0.004000
epoch:3 0.4539  0.7137  0.4887  -1.0000  -1.0000  0.4539  0.5976  0.6548  0.6548  -1.0000  -1.0000  0.6548  0.3003  0.004000
epoch:4 0.4296  0.7521  0.4393  -1.0000  -1.0000  0.4297  0.5559  0.6177  0.6177  -1.0000  -1.0000  0.6177  0.2647  0.004000
epoch:5 0.5211  0.8086  0.5393  -1.0000  -1.0000  0.5212  0.6163  0.6746  0.6746  -1.0000  -1.0000  0.6746  0.2452  0.004000
epoch:6 0.5641  0.8410  0.5610  -1.0000  -1.0000  0.5642  0.6683  0.6993  0.6993  -1.0000  -1.0000  0.6993  0.2305  0.004000
epoch:7 0.5649  0.8415  0.6081  -1.0000  -1.0000  0.5650  0.6784  0.7022  0.7022  -1.0000  -1.0000  0.7022  0.2182  0.004000
epoch:8 0.5949  0.8791  0.7247  -1.0000  -1.0000  0.5952  0.6924  0.7092  0.7092  -1.0000  -1.0000  0.7092  0.1962  0.004000
epoch:9 0.6091  0.8802  0.6861  -1.0000  -1.0000  0.6093  0.6995  0.7152  0.7152  -1.0000  -1.0000  0.7152  0.1867  0.004000
epoch:10 0.6208  0.8941  0.6997  -1.0000  -1.0000  0.6211  0.7131  0.7289  0.7289  -1.0000  -1.0000  0.7289  0.1727  0.004000
epoch:11 0.6341  0.9125  0.7792  -1.0000  -1.0000  0.6348  0.6943  0.7125  0.7125  -1.0000  -1.0000  0.7125  0.1693  0.004000
epoch:12 0.6503  0.9243  0.7527  -1.0000  -1.0000  0.6504  0.7245  0.7301  0.7301  -1.0000  -1.0000  0.7301  0.1632  0.004000
epoch:13 0.6883  0.9272  0.8014  -1.0000  -1.0000  0.6895  0.7504  0.7685  0.7685  -1.0000  -1.0000  0.7685  0.1573  0.004000
epoch:14 0.6774  0.9404  0.7891  -1.0000  -1.0000  0.6780  0.7393  0.7459  0.7459  -1.0000  -1.0000  0.7459  0.1498  0.004000
epoch:15 0.6905  0.9438  0.8167  -1.0000  -1.0000  0.6914  0.7498  0.7514  0.7514  -1.0000  -1.0000  0.7514  0.1405  0.004000
epoch:16 0.6770  0.9394  0.7914  -1.0000  -1.0000  0.6779  0.7413  0.7434  0.7434  -1.0000  -1.0000  0.7434  0.1342  0.000400
epoch:17 0.7024  0.9413  0.8467  -1.0000  -1.0000  0.7035  0.7613  0.7665  0.7665  -1.0000  -1.0000  0.7665  0.1318  0.000400
epoch:18 0.6986  0.9430  0.8343  -1.0000  -1.0000  0.6995  0.7582  0.7616  0.7616  -1.0000  -1.0000  0.7616  0.1322  0.000400
epoch:19 0.7040  0.9406  0.8518  -1.0000  -1.0000  0.7063  0.7615  0.7686  0.7686  -1.0000  -1.0000  0.7686  0.1307  0.000400
epoch:20 0.6933  0.9393  0.7889  -1.0000  -1.0000  0.6944  0.7539  0.7628  0.7628  -1.0000  -1.0000  0.7628  0.1295  0.000400
epoch:21 0.6932  0.9387  0.8180  -1.0000  -1.0000  0.6944  0.7524  0.7595  0.7595  -1.0000  -1.0000  0.7595  0.1281  0.000400
epoch:22 0.7031  0.9423  0.8590  -1.0000  -1.0000  0.7041  0.7583  0.7654  0.7654  -1.0000  -1.0000  0.7654  0.1276  0.000040
epoch:23 0.7002  0.9452  0.8449  -1.0000  -1.0000  0.7013  0.7575  0.7647  0.7647  -1.0000  -1.0000  0.7647  0.1271  0.000040
epoch:24 0.6985  0.9454  0.8414  -1.0000  -1.0000  0.6993  0.7557  0.7600  0.7600  -1.0000  -1.0000  0.7600  0.1269  0.000040
epoch:25 0.7067  0.9428  0.8341  -1.0000  -1.0000  0.7079  0.7639  0.7729  0.7729  -1.0000  -1.0000  0.7729  0.1277  0.000040
epoch:26 0.7020  0.9412  0.8364  -1.0000  -1.0000  0.7037  0.7614  0.7677  0.7677  -1.0000  -1.0000  0.7677  0.1297  0.000040
epoch:27 0.7064  0.9450  0.8464  -1.0000  -1.0000  0.7078  0.7604  0.7656  0.7656  -1.0000  -1.0000  0.7656  0.1272  0.000040
epoch:28 0.7114  0.9446  0.8392  -1.0000  -1.0000  0.7125  0.7620  0.7674  0.7674  -1.0000  -1.0000  0.7674  0.1282  0.000040
epoch:29 0.7094  0.9426  0.8223  -1.0000  -1.0000  0.7112  0.7625  0.7714  0.7714  -1.0000  -1.0000  0.7714  0.1251  0.000040
epoch:30 0.6925  0.9311  0.8254  -1.0000  -1.0000  0.6941  0.7514  0.7585  0.7585  -1.0000  -1.0000  0.7585  0.1262  0.000040
epoch:31 0.7036  0.9452  0.8229  -1.0000  -1.0000  0.7047  0.7573  0.7654  0.7654  -1.0000  -1.0000  0.7654  0.1265  0.000040
epoch:32 0.6991  0.9330  0.8320  -1.0000  -1.0000  0.7000  0.7533  0.7613  0.7613  -1.0000  -1.0000  0.7613  0.1271  0.000040
epoch:33 0.7035  0.9326  0.8393  -1.0000  -1.0000  0.7052  0.7581  0.7661  0.7661  -1.0000  -1.0000  0.7661  0.1271  0.000040
epoch:34 0.7040  0.9459  0.8431  -1.0000  -1.0000  0.7052  0.7609  0.7661  0.7661  -1.0000  -1.0000  0.7661  0.1269  0.000040
epoch:35 0.7027  0.9392  0.8295  -1.0000  -1.0000  0.7042  0.7593  0.7664  0.7664  -1.0000  -1.0000  0.7664  0.1253  0.000040
epoch:36 0.7133  0.9474  0.8386  -1.0000  -1.0000  0.7148  0.7657  0.7718  0.7718  -1.0000  -1.0000  0.7718  0.1260  0.000040
epoch:37 0.7009  0.9444  0.8187  -1.0000  -1.0000  0.7017  0.7561  0.7631  0.7631  -1.0000  -1.0000  0.7631  0.1254  0.000040
epoch:38 0.6980  0.9338  0.8234  -1.0000  -1.0000  0.6992  0.7531  0.7609  0.7609  -1.0000  -1.0000  0.7609  0.1274  0.000040
epoch:39 0.6946  0.9403  0.8283  -1.0000  -1.0000  0.6959  0.7534  0.7612  0.7612  -1.0000  -1.0000  0.7612  0.1266  0.000040
epoch:40 0.6997  0.9425  0.8120  -1.0000  -1.0000  0.7008  0.7554  0.7655  0.7655  -1.0000  -1.0000  0.7655  0.1266  0.000040
epoch:41 0.7004  0.9316  0.8315  -1.0000  -1.0000  0.7012  0.7571  0.7603  0.7603  -1.0000  -1.0000  0.7603  0.1268  0.000040
epoch:42 0.7065  0.9342  0.8443  -1.0000  -1.0000  0.7073  0.7606  0.7688  0.7688  -1.0000  -1.0000  0.7688  0.1261  0.000040
epoch:43 0.7008  0.9309  0.8468  -1.0000  -1.0000  0.7021  0.7566  0.7647  0.7647  -1.0000  -1.0000  0.7647  0.1267  0.000040
epoch:44 0.6989  0.9461  0.8196  -1.0000  -1.0000  0.6998  0.7531  0.7612  0.7612  -1.0000  -1.0000  0.7612  0.1247  0.000040
epoch:45 0.7012  0.9424  0.8351  -1.0000  -1.0000  0.7021  0.7565  0.7636  0.7636  -1.0000  -1.0000  0.7636  0.1256  0.000040
epoch:46 0.7054  0.9365  0.8266  -1.0000  -1.0000  0.7066  0.7575  0.7646  0.7646  -1.0000  -1.0000  0.7646  0.1250  0.000040
epoch:47 0.7089  0.9437  0.8224  -1.0000  -1.0000  0.7102  0.7641  0.7729  0.7729  -1.0000  -1.0000  0.7729  0.1293  0.000040
epoch:48 0.7101  0.9460  0.8517  -1.0000  -1.0000  0.7112  0.7622  0.7694  0.7694  -1.0000  -1.0000  0.7694  0.1254  0.000040
epoch:49 0.7093  0.9417  0.8174  -1.0000  -1.0000  0.7108  0.7614  0.7723  0.7723  -1.0000  -1.0000  0.7723  0.1246  0.000040
epoch:50 0.7003  0.9415  0.8385  -1.0000  -1.0000  0.7016  0.7588  0.7649  0.7649  -1.0000  -1.0000  0.7649  0.1251  0.000040
epoch:51 0.6999  0.9439  0.8183  -1.0000  -1.0000  0.7007  0.7574  0.7645  0.7645  -1.0000  -1.0000  0.7645  0.1250  0.000040
epoch:52 0.7095  0.9439  0.8456  -1.0000  -1.0000  0.7107  0.7656  0.7736  0.7736  -1.0000  -1.0000  0.7736  0.1265  0.000040
epoch:53 0.6994  0.9452  0.8326  -1.0000  -1.0000  0.7005  0.7568  0.7638  0.7638  -1.0000  -1.0000  0.7638  0.1256  0.000040
epoch:54 0.7077  0.9422  0.8476  -1.0000  -1.0000  0.7094  0.7624  0.7728  0.7728  -1.0000  -1.0000  0.7728  0.1250  0.000040
epoch:55 0.7117  0.9403  0.8231  -1.0000  -1.0000  0.7137  0.7669  0.7741  0.7741  -1.0000  -1.0000  0.7741  0.1272  0.000040
epoch:56 0.7010  0.9428  0.8256  -1.0000  -1.0000  0.7029  0.7560  0.7640  0.7640  -1.0000  -1.0000  0.7640  0.1268  0.000040
epoch:57 0.7098  0.9442  0.8476  -1.0000  -1.0000  0.7113  0.7648  0.7720  0.7720  -1.0000  -1.0000  0.7720  0.1278  0.000040
epoch:58 0.7017  0.9440  0.8385  -1.0000  -1.0000  0.7034  0.7559  0.7620  0.7620  -1.0000  -1.0000  0.7620  0.1262  0.000040
epoch:59 0.7075  0.9457  0.8208  -1.0000  -1.0000  0.7090  0.7630  0.7691  0.7691  -1.0000  -1.0000  0.7691  0.1241  0.000040
epoch:60 0.6974  0.9472  0.8398  -1.0000  -1.0000  0.6986  0.7547  0.7599  0.7599  -1.0000  -1.0000  0.7599  0.1264  0.000040
epoch:61 0.7036  0.9445  0.8485  -1.0000  -1.0000  0.7053  0.7550  0.7639  0.7639  -1.0000  -1.0000  0.7639  0.1259  0.000040
epoch:62 0.7062  0.9440  0.8380  -1.0000  -1.0000  0.7083  0.7589  0.7670  0.7670  -1.0000  -1.0000  0.7670  0.1249  0.000040
epoch:63 0.6976  0.9325  0.8271  -1.0000  -1.0000  0.6989  0.7548  0.7637  0.7637  -1.0000  -1.0000  0.7637  0.1252  0.000040
epoch:64 0.7013  0.9442  0.8359  -1.0000  -1.0000  0.7027  0.7555  0.7625  0.7625  -1.0000  -1.0000  0.7625  0.1270  0.000040
epoch:65 0.7059  0.9362  0.8445  -1.0000  -1.0000  0.7073  0.7613  0.7675  0.7675  -1.0000  -1.0000  0.7675  0.1252  0.000040
epoch:66 0.7033  0.9432  0.8538  -1.0000  -1.0000  0.7051  0.7549  0.7648  0.7648  -1.0000  -1.0000  0.7648  0.1254  0.000040
epoch:67 0.7012  0.9347  0.8344  -1.0000  -1.0000  0.7025  0.7564  0.7646  0.7646  -1.0000  -1.0000  0.7646  0.1257  0.000040
epoch:68 0.7047  0.9433  0.8266  -1.0000  -1.0000  0.7063  0.7574  0.7665  0.7665  -1.0000  -1.0000  0.7665  0.1256  0.000040
epoch:69 0.7054  0.9322  0.8374  -1.0000  -1.0000  0.7070  0.7590  0.7668  0.7668  -1.0000  -1.0000  0.7668  0.1258  0.000040
epoch:70 0.7031  0.9430  0.8245  -1.0000  -1.0000  0.7044  0.7581  0.7652  0.7652  -1.0000  -1.0000  0.7652  0.1243  0.000040
epoch:71 0.7080  0.9435  0.8455  -1.0000  -1.0000  0.7092  0.7630  0.7693  0.7693  -1.0000  -1.0000  0.7693  0.1247  0.000040
epoch:72 0.7033  0.9420  0.8170  -1.0000  -1.0000  0.7045  0.7609  0.7680  0.7680  -1.0000  -1.0000  0.7680  0.1226  0.000040
epoch:73 0.7080  0.9495  0.8330  -1.0000  -1.0000  0.7093  0.7609  0.7678  0.7678  -1.0000  -1.0000  0.7678  0.1245  0.000040
epoch:74 0.7070  0.9438  0.8454  -1.0000  -1.0000  0.7082  0.7573  0.7678  0.7678  -1.0000  -1.0000  0.7678  0.1259  0.000040
epoch:75 0.7009  0.9435  0.8335  -1.0000  -1.0000  0.7018  0.7534  0.7656  0.7656  -1.0000  -1.0000  0.7656  0.1252  0.000040
epoch:76 0.7032  0.9451  0.8211  -1.0000  -1.0000  0.7041  0.7578  0.7648  0.7648  -1.0000  -1.0000  0.7648  0.1244  0.000040
epoch:77 0.7144  0.9457  0.8487  -1.0000  -1.0000  0.7157  0.7692  0.7753  0.7753  -1.0000  -1.0000  0.7753  0.1242  0.000040
epoch:78 0.7029  0.9431  0.8213  -1.0000  -1.0000  0.7046  0.7558  0.7666  0.7666  -1.0000  -1.0000  0.7666  0.1254  0.000040
epoch:79 0.7083  0.9465  0.8382  -1.0000  -1.0000  0.7101  0.7613  0.7682  0.7682  -1.0000  -1.0000  0.7682  0.1241  0.000040
epoch:80 0.7043  0.9434  0.8416  -1.0000  -1.0000  0.7050  0.7567  0.7673  0.7673  -1.0000  -1.0000  0.7673  0.1252  0.000040
epoch:81 0.7020  0.9362  0.8233  -1.0000  -1.0000  0.7031  0.7573  0.7634  0.7634  -1.0000  -1.0000  0.7634  0.1217  0.000040
epoch:82 0.7034  0.9351  0.8449  -1.0000  -1.0000  0.7048  0.7583  0.7644  0.7644  -1.0000  -1.0000  0.7644  0.1232  0.000040
epoch:83 0.7086  0.9437  0.8606  -1.0000  -1.0000  0.7103  0.7597  0.7683  0.7683  -1.0000  -1.0000  0.7683  0.1240  0.000040
epoch:84 0.6983  0.9391  0.8233  -1.0000  -1.0000  0.7002  0.7535  0.7599  0.7599  -1.0000  -1.0000  0.7599  0.1230  0.000040
epoch:85 0.7021  0.9419  0.8270  -1.0000  -1.0000  0.7041  0.7591  0.7660  0.7660  -1.0000  -1.0000  0.7660  0.1253  0.000040
epoch:86 0.7065  0.9482  0.8444  -1.0000  -1.0000  0.7077  0.7575  0.7653  0.7653  -1.0000  -1.0000  0.7653  0.1227  0.000040
epoch:87 0.7058  0.9435  0.8187  -1.0000  -1.0000  0.7072  0.7623  0.7712  0.7712  -1.0000  -1.0000  0.7712  0.1239  0.000040
epoch:88 0.7006  0.9460  0.8368  -1.0000  -1.0000  0.7022  0.7589  0.7632  0.7632  -1.0000  -1.0000  0.7632  0.1232  0.000040
epoch:89 0.6934  0.9353  0.8022  -1.0000  -1.0000  0.6948  0.7518  0.7598  0.7598  -1.0000  -1.0000  0.7598  0.1246  0.000040
epoch:90 0.7060  0.9440  0.8119  -1.0000  -1.0000  0.7082  0.7619  0.7689  0.7689  -1.0000  -1.0000  0.7689  0.1237  0.000040
epoch:91 0.7053  0.9365  0.8234  -1.0000  -1.0000  0.7068  0.7594  0.7647  0.7647  -1.0000  -1.0000  0.7647  0.1233  0.000040
epoch:92 0.7021  0.9351  0.8028  -1.0000  -1.0000  0.7047  0.7593  0.7662  0.7662  -1.0000  -1.0000  0.7662  0.1252  0.000040
epoch:93 0.7041  0.9451  0.8417  -1.0000  -1.0000  0.7048  0.7590  0.7668  0.7668  -1.0000  -1.0000  0.7668  0.1242  0.000040
epoch:94 0.7107  0.9434  0.8583  -1.0000  -1.0000  0.7128  0.7632  0.7699  0.7699  -1.0000  -1.0000  0.7699  0.1245  0.000040
epoch:95 0.7063  0.9460  0.8410  -1.0000  -1.0000  0.7077  0.7624  0.7676  0.7676  -1.0000  -1.0000  0.7676  0.1247  0.000040
epoch:96 0.7059  0.9473  0.8423  -1.0000  -1.0000  0.7074  0.7579  0.7659  0.7659  -1.0000  -1.0000  0.7659  0.1239  0.000040
epoch:97 0.7043  0.9448  0.8341  -1.0000  -1.0000  0.7051  0.7615  0.7686  0.7686  -1.0000  -1.0000  0.7686  0.1230  0.000040
epoch:98 0.7001  0.9458  0.8258  -1.0000  -1.0000  0.7014  0.7518  0.7621  0.7621  -1.0000  -1.0000  0.7621  0.1252  0.000040
epoch:99 0.7016  0.9469  0.8384  -1.0000  -1.0000  0.7025  0.7543  0.7614  0.7614  -1.0000  -1.0000  0.7614  0.1250  0.000040
epoch:100 0.7025  0.9361  0.8232  -1.0000  -1.0000  0.7039  0.7587  0.7639  0.7639  -1.0000  -1.0000  0.7639  0.1226  0.000040
epoch:101 0.7071  0.9466  0.8360  -1.0000  -1.0000  0.7084  0.7587  0.7673  0.7673  -1.0000  -1.0000  0.7673  0.1245  0.000040
epoch:102 0.7042  0.9430  0.8312  -1.0000  -1.0000  0.7058  0.7581  0.7678  0.7678  -1.0000  -1.0000  0.7678  0.1236  0.000040
epoch:103 0.7089  0.9460  0.8409  -1.0000  -1.0000  0.7098  0.7639  0.7710  0.7710  -1.0000  -1.0000  0.7710  0.1239  0.000040
epoch:104 0.7067  0.9347  0.8182  -1.0000  -1.0000  0.7083  0.7602  0.7674  0.7674  -1.0000  -1.0000  0.7674  0.1238  0.000040
epoch:105 0.7078  0.9472  0.8151  -1.0000  -1.0000  0.7097  0.7611  0.7680  0.7680  -1.0000  -1.0000  0.7680  0.1245  0.000040
epoch:106 0.7015  0.9311  0.8076  -1.0000  -1.0000  0.7028  0.7562  0.7661  0.7661  -1.0000  -1.0000  0.7661  0.1231  0.000040
epoch:107 0.7044  0.9430  0.8474  -1.0000  -1.0000  0.7058  0.7621  0.7673  0.7673  -1.0000  -1.0000  0.7673  0.1235  0.000040
epoch:108 0.7034  0.9418  0.8236  -1.0000  -1.0000  0.7054  0.7623  0.7666  0.7666  -1.0000  -1.0000  0.7666  0.1216  0.000040
epoch:109 0.7078  0.9468  0.8452  -1.0000  -1.0000  0.7093  0.7615  0.7684  0.7684  -1.0000  -1.0000  0.7684  0.1256  0.000040
epoch:110 0.7017  0.9445  0.8316  -1.0000  -1.0000  0.7025  0.7571  0.7651  0.7651  -1.0000  -1.0000  0.7651  0.1239  0.000040
epoch:111 0.7046  0.9436  0.8472  -1.0000  -1.0000  0.7053  0.7578  0.7631  0.7631  -1.0000  -1.0000  0.7631  0.1224  0.000040
epoch:112 0.7080  0.9451  0.8333  -1.0000  -1.0000  0.7094  0.7593  0.7662  0.7662  -1.0000  -1.0000  0.7662  0.1226  0.000040
epoch:113 0.7039  0.9477  0.8235  -1.0000  -1.0000  0.7048  0.7557  0.7654  0.7654  -1.0000  -1.0000  0.7654  0.1219  0.000040
epoch:114 0.7067  0.9316  0.8429  -1.0000  -1.0000  0.7081  0.7623  0.7666  0.7666  -1.0000  -1.0000  0.7666  0.1229  0.000040
epoch:115 0.7025  0.9453  0.8185  -1.0000  -1.0000  0.7040  0.7592  0.7663  0.7663  -1.0000  -1.0000  0.7663  0.1221  0.000040
epoch:116 0.7129  0.9462  0.8574  -1.0000  -1.0000  0.7149  0.7614  0.7710  0.7710  -1.0000  -1.0000  0.7710  0.1246  0.000040
epoch:117 0.7072  0.9447  0.8475  -1.0000  -1.0000  0.7086  0.7620  0.7681  0.7681  -1.0000  -1.0000  0.7681  0.1217  0.000040
epoch:118 0.6993  0.9426  0.8102  -1.0000  -1.0000  0.7006  0.7559  0.7638  0.7638  -1.0000  -1.0000  0.7638  0.1223  0.000040
epoch:119 0.7053  0.9467  0.8287  -1.0000  -1.0000  0.7068  0.7580  0.7641  0.7641  -1.0000  -1.0000  0.7641  0.1220  0.000040
epoch:120 0.7000  0.9464  0.8111  -1.0000  -1.0000  0.7008  0.7553  0.7605  0.7605  -1.0000  -1.0000  0.7605  0.1231  0.000040
epoch:121 0.7035  0.9461  0.8376  -1.0000  -1.0000  0.7044  0.7604  0.7648  0.7648  -1.0000  -1.0000  0.7648  0.1229  0.000040
epoch:122 0.7091  0.9476  0.8302  -1.0000  -1.0000  0.7105  0.7597  0.7630  0.7630  -1.0000  -1.0000  0.7630  0.1203  0.000040
epoch:123 0.6998  0.9326  0.8315  -1.0000  -1.0000  0.7007  0.7578  0.7667  0.7667  -1.0000  -1.0000  0.7667  0.1218  0.000040
epoch:124 0.7072  0.9484  0.8334  -1.0000  -1.0000  0.7087  0.7582  0.7636  0.7636  -1.0000  -1.0000  0.7636  0.1219  0.000040
epoch:125 0.7017  0.9462  0.8244  -1.0000  -1.0000  0.7035  0.7564  0.7625  0.7625  -1.0000  -1.0000  0.7625  0.1219  0.000040
epoch:126 0.7001  0.9420  0.8199  -1.0000  -1.0000  0.7008  0.7556  0.7598  0.7598  -1.0000  -1.0000  0.7598  0.1226  0.000040
epoch:127 0.7033  0.9465  0.8189  -1.0000  -1.0000  0.7052  0.7554  0.7635  0.7635  -1.0000  -1.0000  0.7635  0.1221  0.000040
epoch:128 0.7036  0.9504  0.8231  -1.0000  -1.0000  0.7050  0.7550  0.7611  0.7611  -1.0000  -1.0000  0.7611  0.1226  0.000040
epoch:129 0.7001  0.9461  0.8071  -1.0000  -1.0000  0.7014  0.7579  0.7640  0.7640  -1.0000  -1.0000  0.7640  0.1210  0.000040
epoch:130 0.7056  0.9453  0.8301  -1.0000  -1.0000  0.7063  0.7593  0.7675  0.7675  -1.0000  -1.0000  0.7675  0.1214  0.000040
epoch:131 0.7108  0.9477  0.8665  -1.0000  -1.0000  0.7127  0.7635  0.7687  0.7687  -1.0000  -1.0000  0.7687  0.1213  0.000040
epoch:132 0.7075  0.9489  0.8141  -1.0000  -1.0000  0.7082  0.7596  0.7649  0.7649  -1.0000  -1.0000  0.7649  0.1214  0.000040
epoch:133 0.7063  0.9479  0.8142  -1.0000  -1.0000  0.7081  0.7583  0.7661  0.7661  -1.0000  -1.0000  0.7661  0.1219  0.000040
epoch:134 0.7075  0.9446  0.8430  -1.0000  -1.0000  0.7091  0.7634  0.7659  0.7659  -1.0000  -1.0000  0.7659  0.1206  0.000040
epoch:135 0.7028  0.9460  0.8304  -1.0000  -1.0000  0.7038  0.7579  0.7658  0.7658  -1.0000  -1.0000  0.7658  0.1211  0.000040
epoch:136 0.7083  0.9366  0.8394  -1.0000  -1.0000  0.7100  0.7604  0.7664  0.7664  -1.0000  -1.0000  0.7664  0.1211  0.000040
epoch:137 0.7039  0.9452  0.8617  -1.0000  -1.0000  0.7046  0.7603  0.7662  0.7662  -1.0000  -1.0000  0.7662  0.1219  0.000040
epoch:138 0.7025  0.9463  0.8043  -1.0000  -1.0000  0.7036  0.7593  0.7662  0.7662  -1.0000  -1.0000  0.7662  0.1205  0.000040
epoch:139 0.7035  0.9452  0.8336  -1.0000  -1.0000  0.7050  0.7587  0.7638  0.7638  -1.0000  -1.0000  0.7638  0.1235  0.000040
epoch:140 0.7037  0.9457  0.8152  -1.0000  -1.0000  0.7051  0.7574  0.7644  0.7644  -1.0000  -1.0000  0.7644  0.1219  0.000040
epoch:141 0.7078  0.9370  0.8228  -1.0000  -1.0000  0.7093  0.7605  0.7657  0.7657  -1.0000  -1.0000  0.7657  0.1207  0.000040
epoch:142 0.7059  0.9481  0.8476  -1.0000  -1.0000  0.7073  0.7597  0.7666  0.7666  -1.0000  -1.0000  0.7666  0.1223  0.000040
epoch:143 0.7033  0.9469  0.8122  -1.0000  -1.0000  0.7046  0.7580  0.7621  0.7621  -1.0000  -1.0000  0.7621  0.1222  0.000040
epoch:144 0.7070  0.9460  0.8326  -1.0000  -1.0000  0.7085  0.7596  0.7637  0.7637  -1.0000  -1.0000  0.7637  0.1211  0.000040
epoch:145 0.7010  0.9471  0.8138  -1.0000  -1.0000  0.7022  0.7554  0.7606  0.7606  -1.0000  -1.0000  0.7606  0.1215  0.000040
epoch:146 0.7037  0.9390  0.8252  -1.0000  -1.0000  0.7053  0.7558  0.7619  0.7619  -1.0000  -1.0000  0.7619  0.1219  0.000040
epoch:147 0.7064  0.9481  0.8411  -1.0000  -1.0000  0.7076  0.7607  0.7679  0.7679  -1.0000  -1.0000  0.7679  0.1214  0.000040
epoch:148 0.7033  0.9345  0.8431  -1.0000  -1.0000  0.7042  0.7566  0.7626  0.7626  -1.0000  -1.0000  0.7626  0.1202  0.000040
epoch:149 0.7100  0.9507  0.8429  -1.0000  -1.0000  0.7119  0.7609  0.7669  0.7669  -1.0000  -1.0000  0.7669  0.1213  0.000040
epoch:150 0.7090  0.9497  0.8328  -1.0000  -1.0000  0.7104  0.7603  0.7673  0.7673  -1.0000  -1.0000  0.7673  0.1206  0.000040
epoch:151 0.7040  0.9393  0.8189  -1.0000  -1.0000  0.7050  0.7553  0.7622  0.7622  -1.0000  -1.0000  0.7622  0.1207  0.000040
epoch:152 0.7087  0.9377  0.8184  -1.0000  -1.0000  0.7106  0.7628  0.7688  0.7688  -1.0000  -1.0000  0.7688  0.1210  0.000040
epoch:153 0.7018  0.9455  0.8062  -1.0000  -1.0000  0.7041  0.7591  0.7632  0.7632  -1.0000  -1.0000  0.7632  0.1221  0.000040
epoch:154 0.7075  0.9475  0.8216  -1.0000  -1.0000  0.7084  0.7605  0.7683  0.7683  -1.0000  -1.0000  0.7683  0.1217  0.000040
epoch:155 0.7087  0.9488  0.8397  -1.0000  -1.0000  0.7096  0.7607  0.7660  0.7660  -1.0000  -1.0000  0.7660  0.1219  0.000040
epoch:156 0.6991  0.9371  0.8255  -1.0000  -1.0000  0.7001  0.7530  0.7564  0.7564  -1.0000  -1.0000  0.7564  0.1209  0.000040
epoch:157 0.7006  0.9459  0.8227  -1.0000  -1.0000  0.7024  0.7530  0.7625  0.7625  -1.0000  -1.0000  0.7625  0.1201  0.000040
epoch:158 0.7018  0.9353  0.8433  -1.0000  -1.0000  0.7032  0.7568  0.7629  0.7629  -1.0000  -1.0000  0.7629  0.1220  0.000040
epoch:159 0.7001  0.9358  0.8134  -1.0000  -1.0000  0.7009  0.7568  0.7620  0.7620  -1.0000  -1.0000  0.7620  0.1212  0.000040
epoch:160 0.6904  0.9477  0.7903  -1.0000  -1.0000  0.6918  0.7480  0.7512  0.7512  -1.0000  -1.0000  0.7512  0.1196  0.000040
epoch:161 0.6995  0.9476  0.8138  -1.0000  -1.0000  0.7011  0.7556  0.7634  0.7634  -1.0000  -1.0000  0.7634  0.1217  0.000040
epoch:162 0.7064  0.9505  0.8251  -1.0000  -1.0000  0.7082  0.7594  0.7654  0.7654  -1.0000  -1.0000  0.7654  0.1228  0.000040
epoch:163 0.7005  0.9462  0.8406  -1.0000  -1.0000  0.7014  0.7541  0.7627  0.7627  -1.0000  -1.0000  0.7627  0.1202  0.000040
epoch:164 0.7060  0.9467  0.8505  -1.0000  -1.0000  0.7077  0.7612  0.7664  0.7664  -1.0000  -1.0000  0.7664  0.1228  0.000040
epoch:165 0.7031  0.9503  0.8147  -1.0000  -1.0000  0.7045  0.7537  0.7606  0.7606  -1.0000  -1.0000  0.7606  0.1194  0.000040
epoch:166 0.7054  0.9476  0.8162  -1.0000  -1.0000  0.7067  0.7611  0.7653  0.7653  -1.0000  -1.0000  0.7653  0.1206  0.000040
epoch:167 0.7111  0.9474  0.8468  -1.0000  -1.0000  0.7123  0.7647  0.7688  0.7688  -1.0000  -1.0000  0.7688  0.1229  0.000040
epoch:168 0.7022  0.9460  0.8441  -1.0000  -1.0000  0.7038  0.7573  0.7616  0.7616  -1.0000  -1.0000  0.7616  0.1217  0.000040
epoch:169 0.7094  0.9482  0.8261  -1.0000  -1.0000  0.7108  0.7634  0.7696  0.7696  -1.0000  -1.0000  0.7696  0.1217  0.000040
epoch:170 0.7064  0.9438  0.8218  -1.0000  -1.0000  0.7072  0.7624  0.7693  0.7693  -1.0000  -1.0000  0.7693  0.1202  0.000040
epoch:171 0.6990  0.9460  0.8035  -1.0000  -1.0000  0.7006  0.7565  0.7608  0.7608  -1.0000  -1.0000  0.7608  0.1209  0.000040
epoch:172 0.7011  0.9348  0.8332  -1.0000  -1.0000  0.7020  0.7568  0.7600  0.7600  -1.0000  -1.0000  0.7600  0.1200  0.000040
epoch:173 0.7104  0.9480  0.8469  -1.0000  -1.0000  0.7113  0.7645  0.7697  0.7697  -1.0000  -1.0000  0.7697  0.1209  0.000040
epoch:174 0.7098  0.9466  0.8328  -1.0000  -1.0000  0.7114  0.7651  0.7703  0.7703  -1.0000  -1.0000  0.7703  0.1207  0.000040
epoch:175 0.7034  0.9373  0.8250  -1.0000  -1.0000  0.7045  0.7591  0.7643  0.7643  -1.0000  -1.0000  0.7643  0.1198  0.000040
epoch:176 0.7042  0.9352  0.8154  -1.0000  -1.0000  0.7051  0.7608  0.7660  0.7660  -1.0000  -1.0000  0.7660  0.1202  0.000040
epoch:177 0.7089  0.9491  0.8038  -1.0000  -1.0000  0.7102  0.7615  0.7657  0.7657  -1.0000  -1.0000  0.7657  0.1208  0.000040
epoch:178 0.7033  0.9376  0.8225  -1.0000  -1.0000  0.7047  0.7593  0.7651  0.7651  -1.0000  -1.0000  0.7651  0.1201  0.000040
epoch:179 0.7048  0.9378  0.8151  -1.0000  -1.0000  0.7063  0.7565  0.7634  0.7634  -1.0000  -1.0000  0.7634  0.1198  0.000040
epoch:180 0.7025  0.9457  0.8610  -1.0000  -1.0000  0.7042  0.7571  0.7649  0.7649  -1.0000  -1.0000  0.7649  0.1189  0.000040
epoch:181 0.7079  0.9463  0.8383  -1.0000  -1.0000  0.7087  0.7633  0.7666  0.7666  -1.0000  -1.0000  0.7666  0.1212  0.000040
epoch:182 0.6998  0.9450  0.8047  -1.0000  -1.0000  0.7016  0.7567  0.7628  0.7628  -1.0000  -1.0000  0.7628  0.1185  0.000040
epoch:183 0.6981  0.9366  0.7984  -1.0000  -1.0000  0.6990  0.7559  0.7629  0.7629  -1.0000  -1.0000  0.7629  0.1197  0.000040
epoch:184 0.7036  0.9469  0.8149  -1.0000  -1.0000  0.7048  0.7586  0.7628  0.7628  -1.0000  -1.0000  0.7628  0.1185  0.000040
epoch:185 0.7110  0.9453  0.8278  -1.0000  -1.0000  0.7129  0.7679  0.7712  0.7712  -1.0000  -1.0000  0.7712  0.1208  0.000040
epoch:186 0.7067  0.9376  0.8430  -1.0000  -1.0000  0.7080  0.7616  0.7651  0.7651  -1.0000  -1.0000  0.7651  0.1198  0.000040
epoch:187 0.7155  0.9486  0.8463  -1.0000  -1.0000  0.7178  0.7668  0.7711  0.7711  -1.0000  -1.0000  0.7711  0.1214  0.000040
epoch:188 0.7050  0.9467  0.8083  -1.0000  -1.0000  0.7072  0.7596  0.7683  0.7683  -1.0000  -1.0000  0.7683  0.1207  0.000040
epoch:189 0.7081  0.9499  0.8436  -1.0000  -1.0000  0.7101  0.7618  0.7679  0.7679  -1.0000  -1.0000  0.7679  0.1189  0.000040
epoch:190 0.7053  0.9488  0.8263  -1.0000  -1.0000  0.7077  0.7596  0.7639  0.7639  -1.0000  -1.0000  0.7639  0.1201  0.000040
epoch:191 0.7077  0.9500  0.8231  -1.0000  -1.0000  0.7090  0.7623  0.7666  0.7666  -1.0000  -1.0000  0.7666  0.1203  0.000040
epoch:192 0.7046  0.9365  0.8173  -1.0000  -1.0000  0.7069  0.7592  0.7616  0.7616  -1.0000  -1.0000  0.7616  0.1198  0.000040
epoch:193 0.6992  0.9334  0.8337  -1.0000  -1.0000  0.7001  0.7556  0.7608  0.7608  -1.0000  -1.0000  0.7608  0.1172  0.000040
epoch:194 0.7100  0.9390  0.8232  -1.0000  -1.0000  0.7118  0.7614  0.7675  0.7675  -1.0000  -1.0000  0.7675  0.1190  0.000040
epoch:195 0.7042  0.9483  0.8448  -1.0000  -1.0000  0.7050  0.7585  0.7637  0.7637  -1.0000  -1.0000  0.7637  0.1199  0.000040
epoch:196 0.7032  0.9471  0.8237  -1.0000  -1.0000  0.7041  0.7589  0.7650  0.7650  -1.0000  -1.0000  0.7650  0.1205  0.000040
epoch:197 0.7098  0.9482  0.8343  -1.0000  -1.0000  0.7121  0.7647  0.7689  0.7689  -1.0000  -1.0000  0.7689  0.1191  0.000040
epoch:198 0.7076  0.9491  0.8302  -1.0000  -1.0000  0.7085  0.7646  0.7715  0.7715  -1.0000  -1.0000  0.7715  0.1194  0.000040
epoch:199 0.7130  0.9354  0.8489  -1.0000  -1.0000  0.7150  0.7660  0.7730  0.7730  -1.0000  -1.0000  0.7730  0.1202  0.000040
epoch:200 0.7019  0.9368  0.8288  -1.0000  -1.0000  0.7029  0.7586  0.7655  0.7655  -1.0000  -1.0000  0.7655  0.1186  0.000040
epoch:201 0.7116  0.9494  0.8489  -1.0000  -1.0000  0.7124  0.7647  0.7699  0.7699  -1.0000  -1.0000  0.7699  0.1207  0.000040
epoch:202 0.7039  0.9499  0.8234  -1.0000  -1.0000  0.7057  0.7591  0.7634  0.7634  -1.0000  -1.0000  0.7634  0.1192  0.000040
epoch:203 0.7010  0.9371  0.8266  -1.0000  -1.0000  0.7026  0.7564  0.7624  0.7624  -1.0000  -1.0000  0.7624  0.1183  0.000040
epoch:204 0.7084  0.9484  0.8434  -1.0000  -1.0000  0.7108  0.7650  0.7683  0.7683  -1.0000  -1.0000  0.7683  0.1199  0.000040
epoch:205 0.7077  0.9372  0.8289  -1.0000  -1.0000  0.7097  0.7631  0.7683  0.7683  -1.0000  -1.0000  0.7683  0.1182  0.000040
epoch:206 0.7074  0.9486  0.8275  -1.0000  -1.0000  0.7089  0.7649  0.7682  0.7682  -1.0000  -1.0000  0.7682  0.1193  0.000040
epoch:207 0.7082  0.9352  0.8394  -1.0000  -1.0000  0.7104  0.7630  0.7682  0.7682  -1.0000  -1.0000  0.7682  0.1195  0.000040
epoch:208 0.7020  0.9382  0.8050  -1.0000  -1.0000  0.7042  0.7561  0.7604  0.7604  -1.0000  -1.0000  0.7604  0.1189  0.000040
epoch:209 0.7067  0.9481  0.8190  -1.0000  -1.0000  0.7083  0.7637  0.7669  0.7669  -1.0000  -1.0000  0.7669  0.1194  0.000040
epoch:210 0.7066  0.9479  0.8155  -1.0000  -1.0000  0.7086  0.7614  0.7657  0.7657  -1.0000  -1.0000  0.7657  0.1191  0.000040
epoch:211 0.6949  0.9347  0.8251  -1.0000  -1.0000  0.6957  0.7519  0.7551  0.7551  -1.0000  -1.0000  0.7551  0.1180  0.000040
epoch:212 0.7026  0.9476  0.8205  -1.0000  -1.0000  0.7034  0.7579  0.7648  0.7648  -1.0000  -1.0000  0.7648  0.1191  0.000040
epoch:213 0.7087  0.9487  0.8269  -1.0000  -1.0000  0.7095  0.7644  0.7676  0.7676  -1.0000  -1.0000  0.7676  0.1196  0.000040
epoch:214 0.7043  0.9384  0.8091  -1.0000  -1.0000  0.7053  0.7581  0.7650  0.7650  -1.0000  -1.0000  0.7650  0.1176  0.000040
epoch:215 0.7106  0.9453  0.8448  -1.0000  -1.0000  0.7115  0.7673  0.7733  0.7733  -1.0000  -1.0000  0.7733  0.1185  0.000040
epoch:216 0.7050  0.9489  0.8159  -1.0000  -1.0000  0.7059  0.7584  0.7646  0.7646  -1.0000  -1.0000  0.7646  0.1182  0.000040
epoch:217 0.7027  0.9472  0.8082  -1.0000  -1.0000  0.7046  0.7608  0.7650  0.7650  -1.0000  -1.0000  0.7650  0.1179  0.000040
epoch:218 0.6999  0.9455  0.8204  -1.0000  -1.0000  0.7007  0.7602  0.7643  0.7643  -1.0000  -1.0000  0.7643  0.1171  0.000040
epoch:219 0.6961  0.9350  0.7934  -1.0000  -1.0000  0.6971  0.7557  0.7590  0.7590  -1.0000  -1.0000  0.7590  0.1185  0.000040
epoch:220 0.7061  0.9479  0.8330  -1.0000  -1.0000  0.7075  0.7630  0.7680  0.7680  -1.0000  -1.0000  0.7680  0.1187  0.000040
epoch:221 0.7039  0.9383  0.8168  -1.0000  -1.0000  0.7050  0.7559  0.7600  0.7600  -1.0000  -1.0000  0.7600  0.1188  0.000040
epoch:222 0.7053  0.9363  0.8353  -1.0000  -1.0000  0.7065  0.7608  0.7670  0.7670  -1.0000  -1.0000  0.7670  0.1188  0.000040
epoch:223 0.7060  0.9508  0.8107  -1.0000  -1.0000  0.7074  0.7609  0.7659  0.7659  -1.0000  -1.0000  0.7659  0.1167  0.000040
epoch:224 0.7035  0.9508  0.8176  -1.0000  -1.0000  0.7053  0.7589  0.7632  0.7632  -1.0000  -1.0000  0.7632  0.1174  0.000040
epoch:225 0.7060  0.9384  0.8268  -1.0000  -1.0000  0.7074  0.7616  0.7659  0.7659  -1.0000  -1.0000  0.7659  0.1200  0.000040
epoch:226 0.7042  0.9380  0.8022  -1.0000  -1.0000  0.7053  0.7574  0.7644  0.7644  -1.0000  -1.0000  0.7644  0.1174  0.000040
epoch:227 0.7107  0.9508  0.8414  -1.0000  -1.0000  0.7123  0.7652  0.7714  0.7714  -1.0000  -1.0000  0.7714  0.1176  0.000040
epoch:228 0.6969  0.9465  0.8159  -1.0000  -1.0000  0.6977  0.7559  0.7593  0.7593  -1.0000  -1.0000  0.7593  0.1189  0.000040
epoch:229 0.7069  0.9466  0.8338  -1.0000  -1.0000  0.7078  0.7651  0.7722  0.7722  -1.0000  -1.0000  0.7722  0.1188  0.000040
epoch:230 0.7017  0.9372  0.8142  -1.0000  -1.0000  0.7026  0.7574  0.7624  0.7624  -1.0000  -1.0000  0.7624  0.1180  0.000040
epoch:231 0.7063  0.9500  0.8229  -1.0000  -1.0000  0.7079  0.7611  0.7653  0.7653  -1.0000  -1.0000  0.7653  0.1190  0.000040
epoch:232 0.7086  0.9392  0.8494  -1.0000  -1.0000  0.7098  0.7600  0.7660  0.7660  -1.0000  -1.0000  0.7660  0.1179  0.000040
epoch:233 0.7062  0.9476  0.8295  -1.0000  -1.0000  0.7070  0.7615  0.7658  0.7658  -1.0000  -1.0000  0.7658  0.1172  0.000040
epoch:234 0.7069  0.9493  0.8252  -1.0000  -1.0000  0.7084  0.7609  0.7644  0.7644  -1.0000  -1.0000  0.7644  0.1182  0.000040
epoch:235 0.6958  0.9486  0.8091  -1.0000  -1.0000  0.6969  0.7533  0.7574  0.7574  -1.0000  -1.0000  0.7574  0.1172  0.000040
epoch:236 0.7116  0.9469  0.8331  -1.0000  -1.0000  0.7126  0.7676  0.7728  0.7728  -1.0000  -1.0000  0.7728  0.1186  0.000040
epoch:237 0.7057  0.9446  0.8376  -1.0000  -1.0000  0.7065  0.7626  0.7678  0.7678  -1.0000  -1.0000  0.7678  0.1164  0.000040
epoch:238 0.6968  0.9482  0.7818  -1.0000  -1.0000  0.6977  0.7548  0.7599  0.7599  -1.0000  -1.0000  0.7599  0.1168  0.000040
epoch:239 0.7025  0.9463  0.8300  -1.0000  -1.0000  0.7032  0.7602  0.7643  0.7643  -1.0000  -1.0000  0.7643  0.1167  0.000040
epoch:240 0.7020  0.9483  0.8269  -1.0000  -1.0000  0.7038  0.7570  0.7613  0.7613  -1.0000  -1.0000  0.7613  0.1177  0.000040
epoch:241 0.7122  0.9507  0.8368  -1.0000  -1.0000  0.7140  0.7644  0.7686  0.7686  -1.0000  -1.0000  0.7686  0.1174  0.000040
epoch:242 0.7073  0.9466  0.8398  -1.0000  -1.0000  0.7094  0.7654  0.7696  0.7696  -1.0000  -1.0000  0.7696  0.1177  0.000040
epoch:243 0.7015  0.9385  0.8121  -1.0000  -1.0000  0.7034  0.7582  0.7633  0.7633  -1.0000  -1.0000  0.7633  0.1174  0.000040
epoch:244 0.7051  0.9488  0.8170  -1.0000  -1.0000  0.7069  0.7609  0.7633  0.7633  -1.0000  -1.0000  0.7633  0.1176  0.000040
epoch:245 0.7074  0.9475  0.8681  -1.0000  -1.0000  0.7081  0.7622  0.7665  0.7665  -1.0000  -1.0000  0.7665  0.1172  0.000040
epoch:246 0.7019  0.9344  0.8449  -1.0000  -1.0000  0.7034  0.7588  0.7631  0.7631  -1.0000  -1.0000  0.7631  0.1175  0.000040
epoch:247 0.7165  0.9494  0.8388  -1.0000  -1.0000  0.7182  0.7681  0.7733  0.7733  -1.0000  -1.0000  0.7733  0.1182  0.000040
epoch:248 0.7080  0.9497  0.8146  -1.0000  -1.0000  0.7089  0.7594  0.7654  0.7654  -1.0000  -1.0000  0.7654  0.1164  0.000040
epoch:249 0.7023  0.9384  0.8138  -1.0000  -1.0000  0.7032  0.7580  0.7621  0.7621  -1.0000  -1.0000  0.7621  0.1158  0.000040
epoch:250 0.7078  0.9366  0.8340  -1.0000  -1.0000  0.7087  0.7616  0.7659  0.7659  -1.0000  -1.0000  0.7659  0.1194  0.000040
epoch:251 0.7090  0.9496  0.8142  -1.0000  -1.0000  0.7101  0.7632  0.7684  0.7684  -1.0000  -1.0000  0.7684  0.1180  0.000040
epoch:252 0.7062  0.9383  0.8262  -1.0000  -1.0000  0.7074  0.7613  0.7654  0.7654  -1.0000  -1.0000  0.7654  0.1165  0.000040
epoch:253 0.7015  0.9339  0.8325  -1.0000  -1.0000  0.7024  0.7634  0.7686  0.7686  -1.0000  -1.0000  0.7686  0.1165  0.000040
epoch:254 0.7099  0.9355  0.8453  -1.0000  -1.0000  0.7114  0.7663  0.7705  0.7705  -1.0000  -1.0000  0.7705  0.1158  0.000040
epoch:255 0.7084  0.9361  0.8558  -1.0000  -1.0000  0.7092  0.7619  0.7653  0.7653  -1.0000  -1.0000  0.7653  0.1154  0.000040
epoch:256 0.7092  0.9376  0.8249  -1.0000  -1.0000  0.7102  0.7612  0.7672  0.7672  -1.0000  -1.0000  0.7672  0.1168  0.000040
epoch:257 0.7037  0.9360  0.8166  -1.0000  -1.0000  0.7049  0.7604  0.7646  0.7646  -1.0000  -1.0000  0.7646  0.1151  0.000040
epoch:258 0.6972  0.9378  0.8260  -1.0000  -1.0000  0.6983  0.7545  0.7577  0.7577  -1.0000  -1.0000  0.7577  0.1164  0.000040
epoch:259 0.7054  0.9482  0.8136  -1.0000  -1.0000  0.7063  0.7605  0.7657  0.7657  -1.0000  -1.0000  0.7657  0.1196  0.000040
epoch:260 0.7090  0.9474  0.8544  -1.0000  -1.0000  0.7098  0.7642  0.7685  0.7685  -1.0000  -1.0000  0.7685  0.1172  0.000040
epoch:261 0.7120  0.9467  0.8440  -1.0000  -1.0000  0.7138  0.7672  0.7723  0.7723  -1.0000  -1.0000  0.7723  0.1179  0.000040
epoch:262 0.7066  0.9383  0.8476  -1.0000  -1.0000  0.7081  0.7593  0.7682  0.7682  -1.0000  -1.0000  0.7682  0.1168  0.000040
epoch:263 0.7014  0.9469  0.8222  -1.0000  -1.0000  0.7025  0.7580  0.7621  0.7621  -1.0000  -1.0000  0.7621  0.1153  0.000040
epoch:264 0.7081  0.9493  0.8254  -1.0000  -1.0000  0.7090  0.7627  0.7660  0.7660  -1.0000  -1.0000  0.7660  0.1171  0.000040
epoch:265 0.7056  0.9470  0.8217  -1.0000  -1.0000  0.7079  0.7605  0.7638  0.7638  -1.0000  -1.0000  0.7638  0.1158  0.000040
epoch:266 0.7041  0.9485  0.7967  -1.0000  -1.0000  0.7050  0.7597  0.7649  0.7649  -1.0000  -1.0000  0.7649  0.1158  0.000040
epoch:267 0.7066  0.9481  0.8340  -1.0000  -1.0000  0.7075  0.7614  0.7664  0.7664  -1.0000  -1.0000  0.7664  0.1161  0.000040
epoch:268 0.7091  0.9496  0.8420  -1.0000  -1.0000  0.7100  0.7635  0.7689  0.7689  -1.0000  -1.0000  0.7689  0.1168  0.000040
epoch:269 0.7067  0.9346  0.8242  -1.0000  -1.0000  0.7076  0.7638  0.7690  0.7690  -1.0000  -1.0000  0.7690  0.1172  0.000040
epoch:270 0.7073  0.9480  0.8364  -1.0000  -1.0000  0.7082  0.7611  0.7654  0.7654  -1.0000  -1.0000  0.7654  0.1161  0.000040
epoch:271 0.7041  0.9475  0.8371  -1.0000  -1.0000  0.7062  0.7594  0.7635  0.7635  -1.0000  -1.0000  0.7635  0.1157  0.000040
epoch:272 0.7077  0.9484  0.8224  -1.0000  -1.0000  0.7084  0.7626  0.7678  0.7678  -1.0000  -1.0000  0.7678  0.1168  0.000040
epoch:273 0.7089  0.9461  0.8324  -1.0000  -1.0000  0.7098  0.7644  0.7686  0.7686  -1.0000  -1.0000  0.7686  0.1161  0.000040
epoch:274 0.7053  0.9387  0.8246  -1.0000  -1.0000  0.7064  0.7592  0.7635  0.7635  -1.0000  -1.0000  0.7635  0.1157  0.000040
epoch:275 0.7124  0.9483  0.8163  -1.0000  -1.0000  0.7151  0.7659  0.7710  0.7710  -1.0000  -1.0000  0.7710  0.1164  0.000040
epoch:276 0.7018  0.9361  0.8062  -1.0000  -1.0000  0.7028  0.7583  0.7635  0.7635  -1.0000  -1.0000  0.7635  0.1170  0.000040
epoch:277 0.7098  0.9510  0.8496  -1.0000  -1.0000  0.7116  0.7643  0.7693  0.7693  -1.0000  -1.0000  0.7693  0.1146  0.000040
epoch:278 0.7011  0.9389  0.8137  -1.0000  -1.0000  0.7028  0.7565  0.7598  0.7598  -1.0000  -1.0000  0.7598  0.1166  0.000040
epoch:279 0.7113  0.9490  0.8149  -1.0000  -1.0000  0.7121  0.7663  0.7713  0.7713  -1.0000  -1.0000  0.7713  0.1169  0.000040
epoch:280 0.7001  0.9460  0.8209  -1.0000  -1.0000  0.7009  0.7589  0.7621  0.7621  -1.0000  -1.0000  0.7621  0.1167  0.000040
epoch:281 0.6977  0.9346  0.8094  -1.0000  -1.0000  0.6988  0.7555  0.7597  0.7597  -1.0000  -1.0000  0.7597  0.1157  0.000040
epoch:282 0.6970  0.9336  0.8156  -1.0000  -1.0000  0.6981  0.7549  0.7600  0.7600  -1.0000  -1.0000  0.7600  0.1173  0.000040
epoch:283 0.7102  0.9373  0.8126  -1.0000  -1.0000  0.7110  0.7644  0.7696  0.7696  -1.0000  -1.0000  0.7696  0.1160  0.000040
epoch:284 0.7108  0.9511  0.8180  -1.0000  -1.0000  0.7128  0.7596  0.7658  0.7658  -1.0000  -1.0000  0.7658  0.1156  0.000040
epoch:285 0.7122  0.9497  0.8478  -1.0000  -1.0000  0.7129  0.7653  0.7697  0.7697  -1.0000  -1.0000  0.7697  0.1143  0.000040
epoch:286 0.7096  0.9480  0.8271  -1.0000  -1.0000  0.7108  0.7642  0.7692  0.7692  -1.0000  -1.0000  0.7692  0.1157  0.000040
epoch:287 0.7053  0.9441  0.8293  -1.0000  -1.0000  0.7064  0.7646  0.7688  0.7688  -1.0000  -1.0000  0.7688  0.1150  0.000040
epoch:288 0.7057  0.9504  0.8183  -1.0000  -1.0000  0.7075  0.7601  0.7644  0.7644  -1.0000  -1.0000  0.7644  0.1153  0.000040
epoch:289 0.7098  0.9499  0.8267  -1.0000  -1.0000  0.7110  0.7645  0.7697  0.7697  -1.0000  -1.0000  0.7697  0.1169  0.000040
epoch:290 0.7009  0.9489  0.8229  -1.0000  -1.0000  0.7024  0.7552  0.7602  0.7602  -1.0000  -1.0000  0.7602  0.1153  0.000040
epoch:291 0.7022  0.9469  0.8261  -1.0000  -1.0000  0.7030  0.7604  0.7636  0.7636  -1.0000  -1.0000  0.7636  0.1150  0.000040
epoch:292 0.7026  0.9375  0.8265  -1.0000  -1.0000  0.7037  0.7573  0.7606  0.7606  -1.0000  -1.0000  0.7606  0.1178  0.000040
epoch:293 0.7036  0.9480  0.8110  -1.0000  -1.0000  0.7045  0.7590  0.7642  0.7642  -1.0000  -1.0000  0.7642  0.1140  0.000040
epoch:294 0.7099  0.9511  0.8179  -1.0000  -1.0000  0.7116  0.7627  0.7678  0.7678  -1.0000  -1.0000  0.7678  0.1147  0.000040
epoch:295 0.7013  0.9474  0.8141  -1.0000  -1.0000  0.7026  0.7598  0.7648  0.7648  -1.0000  -1.0000  0.7648  0.1154  0.000040
epoch:296 0.7114  0.9363  0.8404  -1.0000  -1.0000  0.7136  0.7662  0.7703  0.7703  -1.0000  -1.0000  0.7703  0.1169  0.000040
epoch:297 0.7116  0.9386  0.8224  -1.0000  -1.0000  0.7140  0.7626  0.7676  0.7676  -1.0000  -1.0000  0.7676  0.1161  0.000040
epoch:298 0.7110  0.9493  0.8362  -1.0000  -1.0000  0.7122  0.7598  0.7639  0.7639  -1.0000  -1.0000  0.7639  0.1173  0.000040
epoch:299 0.7019  0.9497  0.8104  -1.0000  -1.0000  0.7038  0.7582  0.7623  0.7623  -1.0000  -1.0000  0.7623  0.1159  0.000040
epoch:300 0.7017  0.9484  0.8245  -1.0000  -1.0000  0.7029  0.7584  0.7636  0.7636  -1.0000  -1.0000  0.7636  0.1155  0.000040
epoch:301 0.7070  0.9358  0.8149  -1.0000  -1.0000  0.7092  0.7638  0.7679  0.7679  -1.0000  -1.0000  0.7679  0.1171  0.000040
epoch:302 0.7055  0.9345  0.8459  -1.0000  -1.0000  0.7065  0.7609  0.7698  0.7698  -1.0000  -1.0000  0.7698  0.1145  0.000040
epoch:303 0.7041  0.9370  0.8252  -1.0000  -1.0000  0.7050  0.7569  0.7629  0.7629  -1.0000  -1.0000  0.7629  0.1154  0.000040
epoch:304 0.7083  0.9484  0.8217  -1.0000  -1.0000  0.7092  0.7644  0.7685  0.7685  -1.0000  -1.0000  0.7685  0.1159  0.000040
epoch:305 0.7138  0.9484  0.8277  -1.0000  -1.0000  0.7159  0.7686  0.7719  0.7719  -1.0000  -1.0000  0.7719  0.1152  0.000040
epoch:306 0.7053  0.9518  0.8366  -1.0000  -1.0000  0.7068  0.7573  0.7633  0.7633  -1.0000  -1.0000  0.7633  0.1153  0.000040
epoch:307 0.7089  0.9508  0.8373  -1.0000  -1.0000  0.7101  0.7619  0.7671  0.7671  -1.0000  -1.0000  0.7671  0.1147  0.000040
epoch:308 0.7079  0.9383  0.8536  -1.0000  -1.0000  0.7097  0.7624  0.7676  0.7676  -1.0000  -1.0000  0.7676  0.1140  0.000040
epoch:309 0.7132  0.9492  0.8338  -1.0000  -1.0000  0.7141  0.7690  0.7722  0.7722  -1.0000  -1.0000  0.7722  0.1147  0.000040
epoch:310 0.7071  0.9388  0.8317  -1.0000  -1.0000  0.7093  0.7623  0.7656  0.7656  -1.0000  -1.0000  0.7656  0.1150  0.000040
epoch:311 0.7053  0.9385  0.8134  -1.0000  -1.0000  0.7076  0.7606  0.7657  0.7657  -1.0000  -1.0000  0.7657  0.1145  0.000040
epoch:312 0.7103  0.9496  0.8159  -1.0000  -1.0000  0.7120  0.7589  0.7641  0.7641  -1.0000  -1.0000  0.7641  0.1150  0.000040
epoch:313 0.7045  0.9497  0.8239  -1.0000  -1.0000  0.7065  0.7587  0.7619  0.7619  -1.0000  -1.0000  0.7619  0.1155  0.000040
epoch:314 0.7054  0.9507  0.8177  -1.0000  -1.0000  0.7064  0.7578  0.7630  0.7630  -1.0000  -1.0000  0.7630  0.1146  0.000040
epoch:315 0.7103  0.9379  0.8493  -1.0000  -1.0000  0.7113  0.7627  0.7659  0.7659  -1.0000  -1.0000  0.7659  0.1133  0.000040
epoch:316 0.7081  0.9495  0.8327  -1.0000  -1.0000  0.7104  0.7595  0.7647  0.7647  -1.0000  -1.0000  0.7647  0.1150  0.000040
epoch:317 0.6999  0.9371  0.8248  -1.0000  -1.0000  0.7010  0.7577  0.7611  0.7611  -1.0000  -1.0000  0.7611  0.1152  0.000040
epoch:318 0.7106  0.9501  0.8383  -1.0000  -1.0000  0.7118  0.7656  0.7699  0.7699  -1.0000  -1.0000  0.7699  0.1162  0.000040
epoch:319 0.7085  0.9365  0.8423  -1.0000  -1.0000  0.7099  0.7614  0.7672  0.7672  -1.0000  -1.0000  0.7672  0.1150  0.000040
epoch:320 0.7028  0.9367  0.8254  -1.0000  -1.0000  0.7041  0.7587  0.7639  0.7639  -1.0000  -1.0000  0.7639  0.1149  0.000040
epoch:321 0.7146  0.9498  0.8276  -1.0000  -1.0000  0.7160  0.7676  0.7718  0.7718  -1.0000  -1.0000  0.7718  0.1145  0.000040
epoch:322 0.7043  0.9386  0.8324  -1.0000  -1.0000  0.7060  0.7598  0.7650  0.7650  -1.0000  -1.0000  0.7650  0.1133  0.000040
epoch:323 0.7080  0.9486  0.8252  -1.0000  -1.0000  0.7099  0.7610  0.7652  0.7652  -1.0000  -1.0000  0.7652  0.1150  0.000040
epoch:324 0.7107  0.9495  0.8151  -1.0000  -1.0000  0.7117  0.7616  0.7667  0.7667  -1.0000  -1.0000  0.7667  0.1147  0.000040
epoch:325 0.7066  0.9372  0.8533  -1.0000  -1.0000  0.7081  0.7617  0.7669  0.7669  -1.0000  -1.0000  0.7669  0.1152  0.000040
epoch:326 0.7070  0.9371  0.8498  -1.0000  -1.0000  0.7090  0.7622  0.7693  0.7693  -1.0000  -1.0000  0.7693  0.1139  0.000040
epoch:327 0.7106  0.9511  0.8256  -1.0000  -1.0000  0.7130  0.7602  0.7654  0.7654  -1.0000  -1.0000  0.7654  0.1139  0.000040
epoch:328 0.7058  0.9503  0.8153  -1.0000  -1.0000  0.7075  0.7596  0.7638  0.7638  -1.0000  -1.0000  0.7638  0.1149  0.000040
epoch:329 0.7057  0.9362  0.8312  -1.0000  -1.0000  0.7065  0.7626  0.7660  0.7660  -1.0000  -1.0000  0.7660  0.1148  0.000040
epoch:330 0.7046  0.9488  0.8149  -1.0000  -1.0000  0.7067  0.7596  0.7648  0.7648  -1.0000  -1.0000  0.7648  0.1139  0.000040
epoch:331 0.7126  0.9463  0.8336  -1.0000  -1.0000  0.7135  0.7665  0.7708  0.7708  -1.0000  -1.0000  0.7708  0.1131  0.000040
epoch:332 0.7088  0.9360  0.8500  -1.0000  -1.0000  0.7116  0.7675  0.7699  0.7699  -1.0000  -1.0000  0.7699  0.1152  0.000040
epoch:333 0.7116  0.9517  0.8179  -1.0000  -1.0000  0.7137  0.7647  0.7699  0.7699  -1.0000  -1.0000  0.7699  0.1154  0.000040
epoch:334 0.7142  0.9514  0.8172  -1.0000  -1.0000  0.7154  0.7663  0.7715  0.7715  -1.0000  -1.0000  0.7715  0.1149  0.000040
epoch:335 0.7092  0.9479  0.8366  -1.0000  -1.0000  0.7103  0.7640  0.7692  0.7692  -1.0000  -1.0000  0.7692  0.1148  0.000040
epoch:336 0.7092  0.9381  0.8460  -1.0000  -1.0000  0.7102  0.7636  0.7678  0.7678  -1.0000  -1.0000  0.7678  0.1124  0.000040
epoch:337 0.7055  0.9499  0.8351  -1.0000  -1.0000  0.7066  0.7594  0.7645  0.7645  -1.0000  -1.0000  0.7645  0.1139  0.000040
epoch:338 0.7087  0.9383  0.8288  -1.0000  -1.0000  0.7098  0.7626  0.7677  0.7677  -1.0000  -1.0000  0.7677  0.1151  0.000040
epoch:339 0.7065  0.9375  0.8205  -1.0000  -1.0000  0.7090  0.7610  0.7651  0.7651  -1.0000  -1.0000  0.7651  0.1131  0.000040
epoch:340 0.7074  0.9488  0.8005  -1.0000  -1.0000  0.7086  0.7630  0.7682  0.7682  -1.0000  -1.0000  0.7682  0.1135  0.000040
epoch:341 0.7094  0.9383  0.8276  -1.0000  -1.0000  0.7103  0.7625  0.7676  0.7676  -1.0000  -1.0000  0.7676  0.1138  0.000040
epoch:342 0.6993  0.9397  0.8189  -1.0000  -1.0000  0.7004  0.7538  0.7580  0.7580  -1.0000  -1.0000  0.7580  0.1169  0.000040
epoch:343 0.7027  0.9485  0.8118  -1.0000  -1.0000  0.7043  0.7562  0.7614  0.7614  -1.0000  -1.0000  0.7614  0.1130  0.000040
epoch:344 0.7008  0.9488  0.8014  -1.0000  -1.0000  0.7023  0.7554  0.7615  0.7615  -1.0000  -1.0000  0.7615  0.1140  0.000040
epoch:345 0.7091  0.9505  0.8371  -1.0000  -1.0000  0.7111  0.7640  0.7700  0.7700  -1.0000  -1.0000  0.7700  0.1137  0.000040
epoch:346 0.7119  0.9486  0.8265  -1.0000  -1.0000  0.7126  0.7652  0.7676  0.7676  -1.0000  -1.0000  0.7676  0.1139  0.000040
epoch:347 0.7026  0.9506  0.8114  -1.0000  -1.0000  0.7042  0.7589  0.7641  0.7641  -1.0000  -1.0000  0.7641  0.1141  0.000040
epoch:348 0.7121  0.9487  0.8396  -1.0000  -1.0000  0.7135  0.7686  0.7721  0.7721  -1.0000  -1.0000  0.7721  0.1135  0.000040
epoch:349 0.7073  0.9497  0.8298  -1.0000  -1.0000  0.7082  0.7586  0.7637  0.7637  -1.0000  -1.0000  0.7637  0.1143  0.000040
epoch:350 0.7129  0.9500  0.8372  -1.0000  -1.0000  0.7138  0.7633  0.7665  0.7665  -1.0000  -1.0000  0.7665  0.1120  0.000040
epoch:351 0.7029  0.9478  0.8244  -1.0000  -1.0000  0.7039  0.7606  0.7649  0.7649  -1.0000  -1.0000  0.7649  0.1130  0.000040
epoch:352 0.7104  0.9500  0.8272  -1.0000  -1.0000  0.7114  0.7650  0.7692  0.7692  -1.0000  -1.0000  0.7692  0.1126  0.000040
epoch:353 0.7077  0.9372  0.8259  -1.0000  -1.0000  0.7088  0.7582  0.7660  0.7660  -1.0000  -1.0000  0.7660  0.1132  0.000040
epoch:354 0.7121  0.9500  0.8390  -1.0000  -1.0000  0.7132  0.7634  0.7696  0.7696  -1.0000  -1.0000  0.7696  0.1134  0.000040
epoch:355 0.7036  0.9371  0.8142  -1.0000  -1.0000  0.7053  0.7581  0.7631  0.7631  -1.0000  -1.0000  0.7631  0.1138  0.000040
epoch:356 0.7050  0.9476  0.8057  -1.0000  -1.0000  0.7060  0.7621  0.7653  0.7653  -1.0000  -1.0000  0.7653  0.1133  0.000040
epoch:357 0.7071  0.9493  0.8189  -1.0000  -1.0000  0.7082  0.7630  0.7681  0.7681  -1.0000  -1.0000  0.7681  0.1129  0.000040
epoch:358 0.7044  0.9388  0.8181  -1.0000  -1.0000  0.7063  0.7592  0.7653  0.7653  -1.0000  -1.0000  0.7653  0.1134  0.000040
epoch:359 0.7049  0.9499  0.8052  -1.0000  -1.0000  0.7058  0.7607  0.7669  0.7669  -1.0000  -1.0000  0.7669  0.1134  0.000040
epoch:360 0.7071  0.9503  0.8191  -1.0000  -1.0000  0.7088  0.7590  0.7640  0.7640  -1.0000  -1.0000  0.7640  0.1141  0.000040
epoch:361 0.7073  0.9380  0.8246  -1.0000  -1.0000  0.7083  0.7629  0.7671  0.7671  -1.0000  -1.0000  0.7671  0.1126  0.000040
epoch:362 0.7029  0.9498  0.8142  -1.0000  -1.0000  0.7039  0.7549  0.7599  0.7599  -1.0000  -1.0000  0.7599  0.1132  0.000040
epoch:363 0.7082  0.9487  0.8292  -1.0000  -1.0000  0.7093  0.7648  0.7701  0.7701  -1.0000  -1.0000  0.7701  0.1120  0.000040
epoch:364 0.7081  0.9384  0.8277  -1.0000  -1.0000  0.7102  0.7618  0.7668  0.7668  -1.0000  -1.0000  0.7668  0.1128  0.000040
epoch:365 0.7121  0.9496  0.8122  -1.0000  -1.0000  0.7130  0.7660  0.7700  0.7700  -1.0000  -1.0000  0.7700  0.1138  0.000040
epoch:366 0.7085  0.9496  0.8373  -1.0000  -1.0000  0.7103  0.7636  0.7679  0.7679  -1.0000  -1.0000  0.7679  0.1119  0.000040
epoch:367 0.7007  0.9370  0.8068  -1.0000  -1.0000  0.7023  0.7556  0.7616  0.7616  -1.0000  -1.0000  0.7616  0.1132  0.000040
epoch:368 0.7113  0.9494  0.8154  -1.0000  -1.0000  0.7134  0.7640  0.7681  0.7681  -1.0000  -1.0000  0.7681  0.1138  0.000040
epoch:369 0.7127  0.9503  0.8404  -1.0000  -1.0000  0.7151  0.7607  0.7638  0.7638  -1.0000  -1.0000  0.7638  0.1124  0.000040
epoch:370 0.7081  0.9487  0.8188  -1.0000  -1.0000  0.7091  0.7612  0.7653  0.7653  -1.0000  -1.0000  0.7653  0.1116  0.000040
epoch:371 0.7088  0.9506  0.8164  -1.0000  -1.0000  0.7109  0.7636  0.7687  0.7687  -1.0000  -1.0000  0.7687  0.1123  0.000040
epoch:372 0.7116  0.9500  0.8358  -1.0000  -1.0000  0.7125  0.7635  0.7687  0.7687  -1.0000  -1.0000  0.7687  0.1130  0.000040
epoch:373 0.7033  0.9385  0.8245  -1.0000  -1.0000  0.7054  0.7574  0.7635  0.7635  -1.0000  -1.0000  0.7635  0.1135  0.000040
epoch:374 0.7088  0.9378  0.8154  -1.0000  -1.0000  0.7102  0.7641  0.7693  0.7693  -1.0000  -1.0000  0.7693  0.1111  0.000040
epoch:375 0.7116  0.9486  0.8259  -1.0000  -1.0000  0.7133  0.7677  0.7719  0.7719  -1.0000  -1.0000  0.7719  0.1136  0.000040
epoch:376 0.7062  0.9471  0.8283  -1.0000  -1.0000  0.7071  0.7603  0.7644  0.7644  -1.0000  -1.0000  0.7644  0.1116  0.000040
epoch:377 0.7070  0.9387  0.8296  -1.0000  -1.0000  0.7083  0.7609  0.7652  0.7652  -1.0000  -1.0000  0.7652  0.1135  0.000040
epoch:378 0.7113  0.9495  0.8338  -1.0000  -1.0000  0.7127  0.7662  0.7694  0.7694  -1.0000  -1.0000  0.7694  0.1134  0.000040
epoch:379 0.7068  0.9478  0.8259  -1.0000  -1.0000  0.7077  0.7623  0.7666  0.7666  -1.0000  -1.0000  0.7666  0.1137  0.000040
epoch:380 0.7060  0.9516  0.8208  -1.0000  -1.0000  0.7069  0.7583  0.7624  0.7624  -1.0000  -1.0000  0.7624  0.1137  0.000040
epoch:381 0.7092  0.9500  0.8230  -1.0000  -1.0000  0.7109  0.7652  0.7685  0.7685  -1.0000  -1.0000  0.7685  0.1126  0.000040
epoch:382 0.7134  0.9487  0.8456  -1.0000  -1.0000  0.7144  0.7643  0.7684  0.7684  -1.0000  -1.0000  0.7684  0.1131  0.000040
epoch:383 0.7061  0.9494  0.8205  -1.0000  -1.0000  0.7078  0.7615  0.7658  0.7658  -1.0000  -1.0000  0.7658  0.1107  0.000040
epoch:384 0.6992  0.9381  0.7945  -1.0000  -1.0000  0.7011  0.7568  0.7600  0.7600  -1.0000  -1.0000  0.7600  0.1127  0.000040
epoch:385 0.7070  0.9479  0.8272  -1.0000  -1.0000  0.7077  0.7605  0.7655  0.7655  -1.0000  -1.0000  0.7655  0.1124  0.000040
epoch:386 0.7087  0.9511  0.8277  -1.0000  -1.0000  0.7105  0.7595  0.7646  0.7646  -1.0000  -1.0000  0.7646  0.1116  0.000040
epoch:387 0.7109  0.9499  0.8257  -1.0000  -1.0000  0.7119  0.7659  0.7700  0.7700  -1.0000  -1.0000  0.7700  0.1130  0.000040
epoch:388 0.7095  0.9489  0.8184  -1.0000  -1.0000  0.7105  0.7634  0.7685  0.7685  -1.0000  -1.0000  0.7685  0.1135  0.000040
epoch:389 0.7078  0.9486  0.8221  -1.0000  -1.0000  0.7102  0.7648  0.7672  0.7672  -1.0000  -1.0000  0.7672  0.1122  0.000040
epoch:390 0.7138  0.9476  0.8393  -1.0000  -1.0000  0.7152  0.7640  0.7719  0.7719  -1.0000  -1.0000  0.7719  0.1115  0.000040
epoch:391 0.7137  0.9510  0.8441  -1.0000  -1.0000  0.7150  0.7657  0.7692  0.7692  -1.0000  -1.0000  0.7692  0.1119  0.000040
epoch:392 0.7050  0.9478  0.8284  -1.0000  -1.0000  0.7058  0.7593  0.7625  0.7625  -1.0000  -1.0000  0.7625  0.1109  0.000040
epoch:393 0.7044  0.9492  0.8256  -1.0000  -1.0000  0.7053  0.7578  0.7610  0.7610  -1.0000  -1.0000  0.7610  0.1120  0.000040
epoch:394 0.7119  0.9501  0.8182  -1.0000  -1.0000  0.7127  0.7638  0.7681  0.7681  -1.0000  -1.0000  0.7681  0.1120  0.000040
epoch:395 0.7083  0.9492  0.8290  -1.0000  -1.0000  0.7092  0.7643  0.7693  0.7693  -1.0000  -1.0000  0.7693  0.1117  0.000040
epoch:396 0.7118  0.9374  0.8139  -1.0000  -1.0000  0.7129  0.7635  0.7713  0.7713  -1.0000  -1.0000  0.7713  0.1128  0.000040
epoch:397 0.7094  0.9513  0.8589  -1.0000  -1.0000  0.7110  0.7626  0.7660  0.7660  -1.0000  -1.0000  0.7660  0.1131  0.000040
epoch:398 0.7093  0.9499  0.8529  -1.0000  -1.0000  0.7102  0.7624  0.7664  0.7664  -1.0000  -1.0000  0.7664  0.1133  0.000040
epoch:399 0.7116  0.9367  0.8245  -1.0000  -1.0000  0.7126  0.7663  0.7713  0.7713  -1.0000  -1.0000  0.7713  0.1123  0.000040
epoch:400 0.7063  0.9492  0.8107  -1.0000  -1.0000  0.7072  0.7623  0.7675  0.7675  -1.0000  -1.0000  0.7675  0.1099  0.000040
epoch:401 0.7096  0.9382  0.8301  -1.0000  -1.0000  0.7108  0.7626  0.7676  0.7676  -1.0000  -1.0000  0.7676  0.1127  0.000040
epoch:402 0.7075  0.9480  0.8227  -1.0000  -1.0000  0.7102  0.7602  0.7626  0.7626  -1.0000  -1.0000  0.7626  0.1118  0.000040
epoch:403 0.7091  0.9492  0.8150  -1.0000  -1.0000  0.7100  0.7629  0.7662  0.7662  -1.0000  -1.0000  0.7662  0.1136  0.000040
epoch:404 0.7091  0.9490  0.8460  -1.0000  -1.0000  0.7113  0.7641  0.7682  0.7682  -1.0000  -1.0000  0.7682  0.1124  0.000040
epoch:405 0.7046  0.9371  0.8235  -1.0000  -1.0000  0.7056  0.7611  0.7643  0.7643  -1.0000  -1.0000  0.7643  0.1127  0.000040
epoch:406 0.7104  0.9492  0.8280  -1.0000  -1.0000  0.7122  0.7611  0.7643  0.7643  -1.0000  -1.0000  0.7643  0.1114  0.000040
epoch:407 0.7160  0.9500  0.8145  -1.0000  -1.0000  0.7174  0.7674  0.7725  0.7725  -1.0000  -1.0000  0.7725  0.1102  0.000040
epoch:408 0.7063  0.9370  0.8334  -1.0000  -1.0000  0.7084  0.7634  0.7666  0.7666  -1.0000  -1.0000  0.7666  0.1116  0.000040
epoch:409 0.7165  0.9490  0.8372  -1.0000  -1.0000  0.7179  0.7688  0.7730  0.7730  -1.0000  -1.0000  0.7730  0.1110  0.000040
epoch:410 0.7012  0.9475  0.8272  -1.0000  -1.0000  0.7020  0.7566  0.7598  0.7598  -1.0000  -1.0000  0.7598  0.1118  0.000040
epoch:411 0.7106  0.9382  0.8354  -1.0000  -1.0000  0.7124  0.7636  0.7677  0.7677  -1.0000  -1.0000  0.7677  0.1111  0.000040
epoch:412 0.7042  0.9485  0.8282  -1.0000  -1.0000  0.7050  0.7613  0.7636  0.7636  -1.0000  -1.0000  0.7636  0.1122  0.000040
epoch:413 0.7076  0.9363  0.8527  -1.0000  -1.0000  0.7091  0.7646  0.7697  0.7697  -1.0000  -1.0000  0.7697  0.1123  0.000040
epoch:414 0.7092  0.9502  0.8526  -1.0000  -1.0000  0.7108  0.7607  0.7641  0.7641  -1.0000  -1.0000  0.7641  0.1117  0.000040
epoch:415 0.7087  0.9368  0.8163  -1.0000  -1.0000  0.7114  0.7620  0.7661  0.7661  -1.0000  -1.0000  0.7661  0.1104  0.000040
epoch:416 0.7122  0.9515  0.8155  -1.0000  -1.0000  0.7145  0.7611  0.7652  0.7652  -1.0000  -1.0000  0.7652  0.1109  0.000040
epoch:417 0.7142  0.9506  0.8484  -1.0000  -1.0000  0.7152  0.7651  0.7691  0.7691  -1.0000  -1.0000  0.7691  0.1115  0.000040
epoch:418 0.7082  0.9495  0.8269  -1.0000  -1.0000  0.7090  0.7608  0.7639  0.7639  -1.0000  -1.0000  0.7639  0.1124  0.000040
epoch:419 0.7086  0.9489  0.8096  -1.0000  -1.0000  0.7104  0.7636  0.7678  0.7678  -1.0000  -1.0000  0.7678  0.1110  0.000040
epoch:420 0.7110  0.9501  0.8260  -1.0000  -1.0000  0.7130  0.7658  0.7699  0.7699  -1.0000  -1.0000  0.7699  0.1109  0.000040
epoch:421 0.7065  0.9501  0.8188  -1.0000  -1.0000  0.7090  0.7606  0.7657  0.7657  -1.0000  -1.0000  0.7657  0.1105  0.000040
epoch:422 0.7078  0.9494  0.8289  -1.0000  -1.0000  0.7102  0.7599  0.7633  0.7633  -1.0000  -1.0000  0.7633  0.1119  0.000040
epoch:423 0.7122  0.9479  0.8249  -1.0000  -1.0000  0.7131  0.7693  0.7725  0.7725  -1.0000  -1.0000  0.7725  0.1092  0.000040
epoch:424 0.7131  0.9507  0.8359  -1.0000  -1.0000  0.7149  0.7685  0.7745  0.7745  -1.0000  -1.0000  0.7745  0.1119  0.000040
epoch:425 0.7110  0.9381  0.8247  -1.0000  -1.0000  0.7120  0.7654  0.7686  0.7686  -1.0000  -1.0000  0.7686  0.1119  0.000040
epoch:426 0.7060  0.9479  0.8162  -1.0000  -1.0000  0.7067  0.7596  0.7618  0.7618  -1.0000  -1.0000  0.7618  0.1104  0.000040
epoch:427 0.7064  0.9368  0.8349  -1.0000  -1.0000  0.7077  0.7620  0.7652  0.7652  -1.0000  -1.0000  0.7652  0.1111  0.000040
epoch:428 0.7096  0.9371  0.8466  -1.0000  -1.0000  0.7105  0.7640  0.7663  0.7663  -1.0000  -1.0000  0.7663  0.1117  0.000040
epoch:429 0.7097  0.9511  0.8271  -1.0000  -1.0000  0.7114  0.7617  0.7676  0.7676  -1.0000  -1.0000  0.7676  0.1106  0.000040
epoch:430 0.7070  0.9375  0.8306  -1.0000  -1.0000  0.7081  0.7612  0.7672  0.7672  -1.0000  -1.0000  0.7672  0.1097  0.000040
epoch:431 0.7173  0.9502  0.8523  -1.0000  -1.0000  0.7192  0.7690  0.7722  0.7722  -1.0000  -1.0000  0.7722  0.1118  0.000040
epoch:432 0.7113  0.9493  0.8223  -1.0000  -1.0000  0.7126  0.7638  0.7690  0.7690  -1.0000  -1.0000  0.7690  0.1129  0.000040
epoch:433 0.7019  0.9388  0.8239  -1.0000  -1.0000  0.7038  0.7559  0.7619  0.7619  -1.0000  -1.0000  0.7619  0.1124  0.000040
epoch:434 0.7026  0.9371  0.8158  -1.0000  -1.0000  0.7037  0.7580  0.7612  0.7612  -1.0000  -1.0000  0.7612  0.1103  0.000040
epoch:435 0.7098  0.9405  0.8259  -1.0000  -1.0000  0.7112  0.7600  0.7633  0.7633  -1.0000  -1.0000  0.7633  0.1105  0.000040
epoch:436 0.7078  0.9489  0.8257  -1.0000  -1.0000  0.7098  0.7603  0.7645  0.7645  -1.0000  -1.0000  0.7645  0.1097  0.000040
epoch:437 0.7131  0.9505  0.8529  -1.0000  -1.0000  0.7148  0.7650  0.7684  0.7684  -1.0000  -1.0000  0.7684  0.1119  0.000040
epoch:438 0.7107  0.9500  0.8160  -1.0000  -1.0000  0.7123  0.7602  0.7677  0.7677  -1.0000  -1.0000  0.7677  0.1107  0.000040
epoch:439 0.7116  0.9488  0.8220  -1.0000  -1.0000  0.7127  0.7664  0.7724  0.7724  -1.0000  -1.0000  0.7724  0.1090  0.000040
epoch:440 0.7028  0.9363  0.8107  -1.0000  -1.0000  0.7037  0.7619  0.7660  0.7660  -1.0000  -1.0000  0.7660  0.1090  0.000040
epoch:441 0.7086  0.9479  0.8129  -1.0000  -1.0000  0.7095  0.7624  0.7655  0.7655  -1.0000  -1.0000  0.7655  0.1106  0.000040
epoch:442 0.7076  0.9394  0.8225  -1.0000  -1.0000  0.7089  0.7591  0.7631  0.7631  -1.0000  -1.0000  0.7631  0.1124  0.000040
epoch:443 0.7031  0.9493  0.8223  -1.0000  -1.0000  0.7038  0.7592  0.7615  0.7615  -1.0000  -1.0000  0.7615  0.1101  0.000040
epoch:444 0.7113  0.9488  0.8329  -1.0000  -1.0000  0.7135  0.7650  0.7692  0.7692  -1.0000  -1.0000  0.7692  0.1112  0.000040
epoch:445 0.7093  0.9376  0.8277  -1.0000  -1.0000  0.7119  0.7635  0.7677  0.7677  -1.0000  -1.0000  0.7677  0.1095  0.000040
epoch:446 0.7134  0.9370  0.8364  -1.0000  -1.0000  0.7150  0.7665  0.7699  0.7699  -1.0000  -1.0000  0.7699  0.1099  0.000040
epoch:447 0.7068  0.9482  0.8188  -1.0000  -1.0000  0.7076  0.7606  0.7647  0.7647  -1.0000  -1.0000  0.7647  0.1100  0.000040
epoch:448 0.7033  0.9496  0.8281  -1.0000  -1.0000  0.7051  0.7581  0.7614  0.7614  -1.0000  -1.0000  0.7614  0.1097  0.000040
epoch:449 0.7079  0.9501  0.8400  -1.0000  -1.0000  0.7097  0.7599  0.7640  0.7640  -1.0000  -1.0000  0.7640  0.1108  0.000040
epoch:450 0.7119  0.9496  0.8522  -1.0000  -1.0000  0.7141  0.7655  0.7679  0.7679  -1.0000  -1.0000  0.7679  0.1107  0.000040
epoch:451 0.7157  0.9523  0.8337  -1.0000  -1.0000  0.7171  0.7649  0.7699  0.7699  -1.0000  -1.0000  0.7699  0.1102  0.000040
epoch:452 0.7097  0.9385  0.8353  -1.0000  -1.0000  0.7117  0.7641  0.7702  0.7702  -1.0000  -1.0000  0.7702  0.1092  0.000040
epoch:453 0.7114  0.9372  0.8257  -1.0000  -1.0000  0.7124  0.7652  0.7685  0.7685  -1.0000  -1.0000  0.7685  0.1106  0.000040
epoch:454 0.7069  0.9387  0.8351  -1.0000  -1.0000  0.7085  0.7596  0.7629  0.7629  -1.0000  -1.0000  0.7629  0.1103  0.000040
epoch:455 0.7047  0.9496  0.8254  -1.0000  -1.0000  0.7057  0.7594  0.7644  0.7644  -1.0000  -1.0000  0.7644  0.1105  0.000040
epoch:456 0.7058  0.9477  0.8148  -1.0000  -1.0000  0.7070  0.7627  0.7678  0.7678  -1.0000  -1.0000  0.7678  0.1097  0.000040
epoch:457 0.7210  0.9498  0.8397  -1.0000  -1.0000  0.7230  0.7695  0.7735  0.7735  -1.0000  -1.0000  0.7735  0.1111  0.000040
epoch:458 0.7036  0.9384  0.8240  -1.0000  -1.0000  0.7053  0.7577  0.7618  0.7618  -1.0000  -1.0000  0.7618  0.1108  0.000040
epoch:459 0.7094  0.9495  0.8367  -1.0000  -1.0000  0.7115  0.7630  0.7662  0.7662  -1.0000  -1.0000  0.7662  0.1100  0.000040
epoch:460 0.7060  0.9497  0.8367  -1.0000  -1.0000  0.7069  0.7606  0.7641  0.7641  -1.0000  -1.0000  0.7641  0.1095  0.000040
epoch:461 0.7111  0.9493  0.8198  -1.0000  -1.0000  0.7120  0.7661  0.7702  0.7702  -1.0000  -1.0000  0.7702  0.1107  0.000040
epoch:462 0.7115  0.9514  0.8593  -1.0000  -1.0000  0.7135  0.7638  0.7660  0.7660  -1.0000  -1.0000  0.7660  0.1100  0.000040
epoch:463 0.7103  0.9495  0.8364  -1.0000  -1.0000  0.7120  0.7655  0.7677  0.7677  -1.0000  -1.0000  0.7677  0.1108  0.000040
epoch:464 0.7109  0.9367  0.8364  -1.0000  -1.0000  0.7121  0.7646  0.7688  0.7688  -1.0000  -1.0000  0.7688  0.1115  0.000040
epoch:465 0.7117  0.9499  0.8367  -1.0000  -1.0000  0.7141  0.7635  0.7658  0.7658  -1.0000  -1.0000  0.7658  0.1111  0.000040
epoch:466 0.7098  0.9481  0.8366  -1.0000  -1.0000  0.7115  0.7666  0.7698  0.7698  -1.0000  -1.0000  0.7698  0.1103  0.000040
epoch:467 0.7143  0.9357  0.8525  -1.0000  -1.0000  0.7152  0.7665  0.7687  0.7687  -1.0000  -1.0000  0.7687  0.1108  0.000040
epoch:468 0.7052  0.9379  0.8251  -1.0000  -1.0000  0.7067  0.7604  0.7646  0.7646  -1.0000  -1.0000  0.7646  0.1095  0.000040
epoch:469 0.7040  0.9478  0.8231  -1.0000  -1.0000  0.7064  0.7629  0.7659  0.7659  -1.0000  -1.0000  0.7659  0.1096  0.000040
epoch:470 0.7132  0.9499  0.8218  -1.0000  -1.0000  0.7142  0.7670  0.7712  0.7712  -1.0000  -1.0000  0.7712  0.1095  0.000040
epoch:471 0.7076  0.9384  0.8292  -1.0000  -1.0000  0.7091  0.7601  0.7633  0.7633  -1.0000  -1.0000  0.7633  0.1088  0.000040
epoch:472 0.7040  0.9380  0.8156  -1.0000  -1.0000  0.7058  0.7600  0.7641  0.7641  -1.0000  -1.0000  0.7641  0.1096  0.000040
epoch:473 0.7084  0.9496  0.8464  -1.0000  -1.0000  0.7099  0.7627  0.7676  0.7676  -1.0000  -1.0000  0.7676  0.1117  0.000040
epoch:474 0.7108  0.9493  0.8245  -1.0000  -1.0000  0.7120  0.7656  0.7679  0.7679  -1.0000  -1.0000  0.7679  0.1093  0.000040
epoch:475 0.7100  0.9481  0.8559  -1.0000  -1.0000  0.7108  0.7624  0.7655  0.7655  -1.0000  -1.0000  0.7655  0.1084  0.000040
epoch:476 0.7053  0.9374  0.8375  -1.0000  -1.0000  0.7065  0.7596  0.7629  0.7629  -1.0000  -1.0000  0.7629  0.1078  0.000040
epoch:477 0.7148  0.9496  0.8278  -1.0000  -1.0000  0.7168  0.7663  0.7695  0.7695  -1.0000  -1.0000  0.7695  0.1083  0.000040
epoch:478 0.7146  0.9488  0.8416  -1.0000  -1.0000  0.7170  0.7656  0.7688  0.7688  -1.0000  -1.0000  0.7688  0.1088  0.000040
epoch:479 0.7107  0.9487  0.8294  -1.0000  -1.0000  0.7128  0.7618  0.7653  0.7653  -1.0000  -1.0000  0.7653  0.1103  0.000040
epoch:480 0.7155  0.9493  0.8366  -1.0000  -1.0000  0.7174  0.7709  0.7731  0.7731  -1.0000  -1.0000  0.7731  0.1081  0.000040
epoch:481 0.7112  0.9372  0.8366  -1.0000  -1.0000  0.7125  0.7677  0.7708  0.7708  -1.0000  -1.0000  0.7708  0.1093  0.000040
epoch:482 0.7098  0.9497  0.8281  -1.0000  -1.0000  0.7124  0.7654  0.7686  0.7686  -1.0000  -1.0000  0.7686  0.1097  0.000040
epoch:483 0.7105  0.9493  0.8370  -1.0000  -1.0000  0.7117  0.7665  0.7711  0.7711  -1.0000  -1.0000  0.7711  0.1101  0.000040
epoch:484 0.7206  0.9407  0.8399  -1.0000  -1.0000  0.7226  0.7719  0.7743  0.7743  -1.0000  -1.0000  0.7743  0.1102  0.000040
epoch:485 0.7057  0.9389  0.8121  -1.0000  -1.0000  0.7075  0.7610  0.7642  0.7642  -1.0000  -1.0000  0.7642  0.1100  0.000040
epoch:486 0.7102  0.9517  0.8408  -1.0000  -1.0000  0.7122  0.7625  0.7648  0.7648  -1.0000  -1.0000  0.7648  0.1088  0.000040
epoch:487 0.7084  0.9493  0.8308  -1.0000  -1.0000  0.7101  0.7614  0.7655  0.7655  -1.0000  -1.0000  0.7655  0.1093  0.000040
epoch:488 0.7124  0.9504  0.8371  -1.0000  -1.0000  0.7138  0.7664  0.7689  0.7689  -1.0000  -1.0000  0.7689  0.1092  0.000040
epoch:489 0.7139  0.9381  0.8376  -1.0000  -1.0000  0.7150  0.7686  0.7726  0.7726  -1.0000  -1.0000  0.7726  0.1072  0.000040
epoch:490 0.7106  0.9497  0.8378  -1.0000  -1.0000  0.7118  0.7646  0.7687  0.7687  -1.0000  -1.0000  0.7687  0.1089  0.000040
epoch:491 0.7112  0.9496  0.8255  -1.0000  -1.0000  0.7121  0.7656  0.7688  0.7688  -1.0000  -1.0000  0.7688  0.1084  0.000040
epoch:492 0.7109  0.9508  0.8150  -1.0000  -1.0000  0.7120  0.7643  0.7683  0.7683  -1.0000  -1.0000  0.7683  0.1089  0.000040
epoch:493 0.7084  0.9481  0.8250  -1.0000  -1.0000  0.7103  0.7624  0.7647  0.7647  -1.0000  -1.0000  0.7647  0.1091  0.000040
epoch:494 0.7110  0.9378  0.8352  -1.0000  -1.0000  0.7121  0.7659  0.7691  0.7691  -1.0000  -1.0000  0.7691  0.1095  0.000040
epoch:495 0.7120  0.9484  0.8161  -1.0000  -1.0000  0.7147  0.7648  0.7679  0.7679  -1.0000  -1.0000  0.7679  0.1078  0.000040
epoch:496 0.7046  0.9488  0.8457  -1.0000  -1.0000  0.7067  0.7600  0.7625  0.7625  -1.0000  -1.0000  0.7625  0.1083  0.000040
epoch:497 0.7111  0.9382  0.8171  -1.0000  -1.0000  0.7122  0.7653  0.7695  0.7695  -1.0000  -1.0000  0.7695  0.1097  0.000040
epoch:498 0.7194  0.9487  0.8491  -1.0000  -1.0000  0.7203  0.7708  0.7732  0.7732  -1.0000  -1.0000  0.7732  0.1075  0.000040
epoch:499 0.7084  0.9493  0.8204  -1.0000  -1.0000  0.7097  0.7620  0.7652  0.7652  -1.0000  -1.0000  0.7652  0.1086  0.000040
