epoch:0 0.1002  0.2034  0.1033  -1.0000  -1.0000  0.1002  0.1776  0.2323  0.2328  -1.0000  -1.0000  0.2328  1.5485  0.004000
epoch:1 0.2574  0.4581  0.2417  -1.0000  -1.0000  0.2574  0.4306  0.5184  0.5184  -1.0000  -1.0000  0.5184  0.4342  0.004000
epoch:2 0.3479  0.5971  0.3593  -1.0000  -1.0000  0.3479  0.5214  0.6021  0.6021  -1.0000  -1.0000  0.6021  0.3508  0.004000
epoch:3 0.4420  0.6626  0.4717  -1.0000  -1.0000  0.4420  0.6082  0.6886  0.6886  -1.0000  -1.0000  0.6886  0.3028  0.004000
epoch:4 0.4509  0.7127  0.4947  -1.0000  -1.0000  0.4511  0.6141  0.6573  0.6573  -1.0000  -1.0000  0.6573  0.2741  0.004000
epoch:5 0.5287  0.7695  0.5926  -1.0000  -1.0000  0.5297  0.6600  0.7100  0.7100  -1.0000  -1.0000  0.7100  0.2478  0.004000
epoch:6 0.5658  0.8247  0.6175  -1.0000  -1.0000  0.5664  0.6818  0.7201  0.7201  -1.0000  -1.0000  0.7201  0.2311  0.004000
epoch:7 0.5901  0.8586  0.6868  -1.0000  -1.0000  0.5912  0.6831  0.7043  0.7043  -1.0000  -1.0000  0.7043  0.2145  0.004000
epoch:8 0.6067  0.8823  0.7084  -1.0000  -1.0000  0.6088  0.6970  0.7142  0.7142  -1.0000  -1.0000  0.7142  0.1959  0.004000
epoch:9 0.6425  0.9103  0.7862  -1.0000  -1.0000  0.6448  0.7217  0.7306  0.7306  -1.0000  -1.0000  0.7306  0.1863  0.004000
epoch:10 0.6166  0.8826  0.7298  -1.0000  -1.0000  0.6192  0.6976  0.7254  0.7254  -1.0000  -1.0000  0.7254  0.1770  0.004000
epoch:11 0.6587  0.9031  0.7616  -1.0000  -1.0000  0.6606  0.7373  0.7467  0.7467  -1.0000  -1.0000  0.7467  0.1689  0.004000
epoch:12 0.6527  0.9052  0.7807  -1.0000  -1.0000  0.6568  0.7258  0.7453  0.7453  -1.0000  -1.0000  0.7453  0.1643  0.004000
epoch:13 0.6795  0.9303  0.7927  -1.0000  -1.0000  0.6816  0.7530  0.7625  0.7625  -1.0000  -1.0000  0.7625  0.1552  0.004000
epoch:14 0.6789  0.9325  0.8005  -1.0000  -1.0000  0.6796  0.7473  0.7555  0.7555  -1.0000  -1.0000  0.7555  0.1453  0.004000
epoch:15 0.6956  0.9321  0.8217  -1.0000  -1.0000  0.6969  0.7629  0.7704  0.7704  -1.0000  -1.0000  0.7704  0.1416  0.004000
epoch:16 0.6902  0.9332  0.8297  -1.0000  -1.0000  0.6928  0.7588  0.7660  0.7660  -1.0000  -1.0000  0.7660  0.1326  0.000400
epoch:17 0.6973  0.9352  0.8261  -1.0000  -1.0000  0.6995  0.7590  0.7682  0.7682  -1.0000  -1.0000  0.7682  0.1302  0.000400
epoch:18 0.6946  0.9391  0.8334  -1.0000  -1.0000  0.6967  0.7590  0.7703  0.7703  -1.0000  -1.0000  0.7703  0.1293  0.000400
epoch:19 0.6901  0.9364  0.8254  -1.0000  -1.0000  0.6926  0.7578  0.7615  0.7615  -1.0000  -1.0000  0.7615  0.1296  0.000400
epoch:20 0.6824  0.9369  0.7948  -1.0000  -1.0000  0.6845  0.7491  0.7582  0.7582  -1.0000  -1.0000  0.7582  0.1274  0.000400
epoch:21 0.6900  0.9379  0.8033  -1.0000  -1.0000  0.6921  0.7548  0.7610  0.7610  -1.0000  -1.0000  0.7610  0.1281  0.000400
epoch:22 0.6883  0.9362  0.8152  -1.0000  -1.0000  0.6907  0.7556  0.7642  0.7642  -1.0000  -1.0000  0.7642  0.1264  0.000040
epoch:23 0.6887  0.9358  0.8094  -1.0000  -1.0000  0.6911  0.7527  0.7614  0.7614  -1.0000  -1.0000  0.7614  0.1251  0.000040
epoch:24 0.6960  0.9381  0.8019  -1.0000  -1.0000  0.6981  0.7581  0.7673  0.7673  -1.0000  -1.0000  0.7673  0.1259  0.000040
epoch:25 0.6858  0.9386  0.8331  -1.0000  -1.0000  0.6880  0.7504  0.7598  0.7598  -1.0000  -1.0000  0.7598  0.1267  0.000040
epoch:26 0.6880  0.9353  0.7951  -1.0000  -1.0000  0.6899  0.7566  0.7622  0.7622  -1.0000  -1.0000  0.7622  0.1249  0.000040
epoch:27 0.6980  0.9376  0.8075  -1.0000  -1.0000  0.7001  0.7596  0.7696  0.7696  -1.0000  -1.0000  0.7696  0.1272  0.000040
epoch:28 0.6889  0.9378  0.8032  -1.0000  -1.0000  0.6912  0.7560  0.7621  0.7621  -1.0000  -1.0000  0.7621  0.1257  0.000040
epoch:29 0.6937  0.9360  0.8460  -1.0000  -1.0000  0.6961  0.7574  0.7675  0.7675  -1.0000  -1.0000  0.7675  0.1264  0.000040
epoch:30 0.6941  0.9371  0.8211  -1.0000  -1.0000  0.6967  0.7601  0.7641  0.7641  -1.0000  -1.0000  0.7641  0.1255  0.000040
epoch:31 0.6954  0.9377  0.8285  -1.0000  -1.0000  0.6982  0.7538  0.7614  0.7614  -1.0000  -1.0000  0.7614  0.1268  0.000040
epoch:32 0.6886  0.9376  0.7948  -1.0000  -1.0000  0.6915  0.7581  0.7653  0.7653  -1.0000  -1.0000  0.7653  0.1239  0.000040
epoch:33 0.6921  0.9368  0.8129  -1.0000  -1.0000  0.6943  0.7574  0.7666  0.7666  -1.0000  -1.0000  0.7666  0.1257  0.000040
epoch:34 0.6963  0.9369  0.8104  -1.0000  -1.0000  0.6980  0.7587  0.7698  0.7698  -1.0000  -1.0000  0.7698  0.1249  0.000040
epoch:35 0.6938  0.9382  0.8297  -1.0000  -1.0000  0.6959  0.7566  0.7662  0.7662  -1.0000  -1.0000  0.7662  0.1243  0.000040
epoch:36 0.6930  0.9359  0.8278  -1.0000  -1.0000  0.6951  0.7568  0.7670  0.7670  -1.0000  -1.0000  0.7670  0.1257  0.000040
epoch:37 0.6904  0.9378  0.8277  -1.0000  -1.0000  0.6932  0.7554  0.7622  0.7622  -1.0000  -1.0000  0.7622  0.1242  0.000040
epoch:38 0.6911  0.9389  0.8003  -1.0000  -1.0000  0.6934  0.7582  0.7671  0.7671  -1.0000  -1.0000  0.7671  0.1256  0.000040
epoch:39 0.6898  0.9375  0.8087  -1.0000  -1.0000  0.6920  0.7534  0.7643  0.7643  -1.0000  -1.0000  0.7643  0.1254  0.000040
epoch:40 0.6850  0.9382  0.8007  -1.0000  -1.0000  0.6869  0.7513  0.7578  0.7578  -1.0000  -1.0000  0.7578  0.1249  0.000040
epoch:41 0.6914  0.9362  0.8096  -1.0000  -1.0000  0.6932  0.7558  0.7662  0.7662  -1.0000  -1.0000  0.7662  0.1261  0.000040
epoch:42 0.6899  0.9368  0.7940  -1.0000  -1.0000  0.6919  0.7533  0.7629  0.7629  -1.0000  -1.0000  0.7629  0.1247  0.000040
epoch:43 0.6990  0.9412  0.7995  -1.0000  -1.0000  0.7015  0.7601  0.7676  0.7676  -1.0000  -1.0000  0.7676  0.1250  0.000040
epoch:44 0.6953  0.9374  0.8066  -1.0000  -1.0000  0.6975  0.7639  0.7733  0.7733  -1.0000  -1.0000  0.7733  0.1259  0.000040
epoch:45 0.6993  0.9392  0.8372  -1.0000  -1.0000  0.7014  0.7585  0.7647  0.7647  -1.0000  -1.0000  0.7647  0.1251  0.000040
epoch:46 0.6905  0.9373  0.8021  -1.0000  -1.0000  0.6932  0.7546  0.7632  0.7632  -1.0000  -1.0000  0.7632  0.1235  0.000040
epoch:47 0.6898  0.9366  0.8056  -1.0000  -1.0000  0.6923  0.7558  0.7654  0.7654  -1.0000  -1.0000  0.7654  0.1241  0.000040
epoch:48 0.6863  0.9388  0.7948  -1.0000  -1.0000  0.6890  0.7587  0.7640  0.7640  -1.0000  -1.0000  0.7640  0.1230  0.000040
epoch:49 0.6926  0.9390  0.8171  -1.0000  -1.0000  0.6947  0.7568  0.7607  0.7607  -1.0000  -1.0000  0.7607  0.1243  0.000040
epoch:50 0.6930  0.9388  0.8084  -1.0000  -1.0000  0.6949  0.7599  0.7698  0.7698  -1.0000  -1.0000  0.7698  0.1274  0.000040
epoch:51 0.7061  0.9390  0.8369  -1.0000  -1.0000  0.7086  0.7682  0.7778  0.7778  -1.0000  -1.0000  0.7778  0.1224  0.000040
epoch:52 0.6906  0.9396  0.8007  -1.0000  -1.0000  0.6928  0.7562  0.7639  0.7639  -1.0000  -1.0000  0.7639  0.1252  0.000040
epoch:53 0.6942  0.9384  0.8179  -1.0000  -1.0000  0.6964  0.7562  0.7647  0.7647  -1.0000  -1.0000  0.7647  0.1256  0.000040
epoch:54 0.6914  0.9381  0.8035  -1.0000  -1.0000  0.6934  0.7573  0.7670  0.7670  -1.0000  -1.0000  0.7670  0.1220  0.000040
epoch:55 0.7004  0.9407  0.8390  -1.0000  -1.0000  0.7026  0.7620  0.7710  0.7710  -1.0000  -1.0000  0.7710  0.1226  0.000040
epoch:56 0.6906  0.9378  0.7946  -1.0000  -1.0000  0.6927  0.7548  0.7644  0.7644  -1.0000  -1.0000  0.7644  0.1253  0.000040
epoch:57 0.6973  0.9365  0.8321  -1.0000  -1.0000  0.7001  0.7622  0.7678  0.7678  -1.0000  -1.0000  0.7678  0.1241  0.000040
epoch:58 0.6957  0.9386  0.8024  -1.0000  -1.0000  0.6985  0.7605  0.7699  0.7699  -1.0000  -1.0000  0.7699  0.1236  0.000040
epoch:59 0.6927  0.9393  0.8089  -1.0000  -1.0000  0.6954  0.7584  0.7673  0.7673  -1.0000  -1.0000  0.7673  0.1246  0.000040
epoch:60 0.6913  0.9367  0.8322  -1.0000  -1.0000  0.6936  0.7591  0.7667  0.7667  -1.0000  -1.0000  0.7667  0.1236  0.000040
epoch:61 0.6912  0.9370  0.8094  -1.0000  -1.0000  0.6931  0.7562  0.7661  0.7661  -1.0000  -1.0000  0.7661  0.1241  0.000040
epoch:62 0.6914  0.9398  0.8316  -1.0000  -1.0000  0.6933  0.7536  0.7612  0.7612  -1.0000  -1.0000  0.7612  0.1230  0.000040
epoch:63 0.6974  0.9381  0.8409  -1.0000  -1.0000  0.6997  0.7594  0.7685  0.7685  -1.0000  -1.0000  0.7685  0.1224  0.000040
epoch:64 0.6915  0.9367  0.8293  -1.0000  -1.0000  0.6932  0.7579  0.7670  0.7670  -1.0000  -1.0000  0.7670  0.1233  0.000040
epoch:65 0.6981  0.9382  0.8237  -1.0000  -1.0000  0.7007  0.7609  0.7706  0.7706  -1.0000  -1.0000  0.7706  0.1240  0.000040
epoch:66 0.6892  0.9385  0.7982  -1.0000  -1.0000  0.6913  0.7538  0.7626  0.7626  -1.0000  -1.0000  0.7626  0.1229  0.000040
epoch:67 0.6888  0.9369  0.8342  -1.0000  -1.0000  0.6913  0.7569  0.7664  0.7664  -1.0000  -1.0000  0.7664  0.1219  0.000040
epoch:68 0.6907  0.9378  0.8122  -1.0000  -1.0000  0.6937  0.7602  0.7662  0.7662  -1.0000  -1.0000  0.7662  0.1227  0.000040
epoch:69 0.6888  0.9384  0.8029  -1.0000  -1.0000  0.6915  0.7575  0.7646  0.7646  -1.0000  -1.0000  0.7646  0.1239  0.000040
epoch:70 0.6929  0.9379  0.8196  -1.0000  -1.0000  0.6953  0.7586  0.7669  0.7669  -1.0000  -1.0000  0.7669  0.1235  0.000040
epoch:71 0.6919  0.9388  0.8086  -1.0000  -1.0000  0.6943  0.7605  0.7686  0.7686  -1.0000  -1.0000  0.7686  0.1203  0.000040
epoch:72 0.6975  0.9405  0.8302  -1.0000  -1.0000  0.6998  0.7612  0.7698  0.7698  -1.0000  -1.0000  0.7698  0.1233  0.000040
epoch:73 0.6976  0.9383  0.8290  -1.0000  -1.0000  0.7000  0.7599  0.7688  0.7688  -1.0000  -1.0000  0.7688  0.1229  0.000040
epoch:74 0.6897  0.9389  0.8052  -1.0000  -1.0000  0.6922  0.7562  0.7658  0.7658  -1.0000  -1.0000  0.7658  0.1246  0.000040
epoch:75 0.6992  0.9387  0.8263  -1.0000  -1.0000  0.7015  0.7643  0.7681  0.7681  -1.0000  -1.0000  0.7681  0.1219  0.000040
epoch:76 0.6882  0.9385  0.8040  -1.0000  -1.0000  0.6908  0.7525  0.7609  0.7609  -1.0000  -1.0000  0.7609  0.1242  0.000040
epoch:77 0.6952  0.9385  0.8301  -1.0000  -1.0000  0.6971  0.7597  0.7676  0.7676  -1.0000  -1.0000  0.7676  0.1232  0.000040
epoch:78 0.6934  0.9374  0.8082  -1.0000  -1.0000  0.6956  0.7561  0.7642  0.7642  -1.0000  -1.0000  0.7642  0.1240  0.000040
epoch:79 0.6953  0.9417  0.8367  -1.0000  -1.0000  0.6976  0.7598  0.7646  0.7646  -1.0000  -1.0000  0.7646  0.1239  0.000040
epoch:80 0.6921  0.9409  0.8100  -1.0000  -1.0000  0.6949  0.7567  0.7633  0.7633  -1.0000  -1.0000  0.7633  0.1232  0.000040
epoch:81 0.6885  0.9378  0.8063  -1.0000  -1.0000  0.6905  0.7584  0.7663  0.7663  -1.0000  -1.0000  0.7663  0.1265  0.000040
epoch:82 0.6983  0.9397  0.8287  -1.0000  -1.0000  0.7008  0.7630  0.7717  0.7717  -1.0000  -1.0000  0.7717  0.1221  0.000040
epoch:83 0.6931  0.9385  0.8017  -1.0000  -1.0000  0.6952  0.7595  0.7679  0.7679  -1.0000  -1.0000  0.7679  0.1225  0.000040
epoch:84 0.7007  0.9381  0.8374  -1.0000  -1.0000  0.7030  0.7648  0.7748  0.7748  -1.0000  -1.0000  0.7748  0.1219  0.000040
epoch:85 0.6936  0.9382  0.8080  -1.0000  -1.0000  0.6962  0.7569  0.7674  0.7674  -1.0000  -1.0000  0.7674  0.1226  0.000040
epoch:86 0.7000  0.9386  0.8211  -1.0000  -1.0000  0.7024  0.7571  0.7658  0.7658  -1.0000  -1.0000  0.7658  0.1240  0.000040
epoch:87 0.6948  0.9388  0.8414  -1.0000  -1.0000  0.6973  0.7581  0.7675  0.7675  -1.0000  -1.0000  0.7675  0.1214  0.000040
epoch:88 0.6892  0.9376  0.8009  -1.0000  -1.0000  0.6913  0.7578  0.7632  0.7632  -1.0000  -1.0000  0.7632  0.1245  0.000040
epoch:89 0.7004  0.9400  0.8395  -1.0000  -1.0000  0.7033  0.7638  0.7717  0.7717  -1.0000  -1.0000  0.7717  0.1228  0.000040
epoch:90 0.6943  0.9394  0.8291  -1.0000  -1.0000  0.6963  0.7548  0.7620  0.7620  -1.0000  -1.0000  0.7620  0.1213  0.000040
epoch:91 0.6971  0.9422  0.8059  -1.0000  -1.0000  0.7002  0.7605  0.7674  0.7674  -1.0000  -1.0000  0.7674  0.1222  0.000040
epoch:92 0.6911  0.9409  0.8114  -1.0000  -1.0000  0.6930  0.7576  0.7671  0.7671  -1.0000  -1.0000  0.7671  0.1228  0.000040
epoch:93 0.6970  0.9395  0.8032  -1.0000  -1.0000  0.6995  0.7606  0.7704  0.7704  -1.0000  -1.0000  0.7704  0.1215  0.000040
epoch:94 0.6953  0.9402  0.8391  -1.0000  -1.0000  0.6974  0.7595  0.7669  0.7669  -1.0000  -1.0000  0.7669  0.1228  0.000040
epoch:95 0.6889  0.9388  0.8101  -1.0000  -1.0000  0.6910  0.7571  0.7651  0.7651  -1.0000  -1.0000  0.7651  0.1225  0.000040
epoch:96 0.6949  0.9414  0.8113  -1.0000  -1.0000  0.6974  0.7568  0.7608  0.7608  -1.0000  -1.0000  0.7608  0.1217  0.000040
epoch:97 0.6972  0.9411  0.8086  -1.0000  -1.0000  0.6998  0.7648  0.7694  0.7694  -1.0000  -1.0000  0.7694  0.1195  0.000040
epoch:98 0.6912  0.9385  0.8076  -1.0000  -1.0000  0.6932  0.7584  0.7658  0.7658  -1.0000  -1.0000  0.7658  0.1220  0.000040
epoch:99 0.6965  0.9409  0.7997  -1.0000  -1.0000  0.6987  0.7633  0.7721  0.7721  -1.0000  -1.0000  0.7721  0.1216  0.000040
